0.49238095238095236
0.6487179487179487
0.7389743589743589
1.6044688644688643
2.086373626373626
2.655311355311355
3.0969230769230767
3.1009523809523807
3.291941391941392
3.3
2.984908424908425
2.581172161172161
2.0976556776556774
1.6931135531135528
1.0492307692307692
0.7421978021978022
0.42468864468864465
0.0
0.0
0.06124542124542124
0.3231501831501831
0.5794139194139194
1.315164835164835
1.6713553113553112
2.156483516483516
2.593260073260073
3.0646886446886445
3.1646153846153844
3.1194871794871792
3.2645421245421242
3.0082783882783883
2.4949450549450547
2.0654212454212453
1.7084249084249084
1.078241758241758
0.5826373626373627
0.444029304029304
0.0
0.0
0.2643223443223443
0.31589743589743585
0.5504029304029304
1.1362637362637362
1.6850549450549448
2.112967032967033
2.615018315018315
3.1452747252747253
3.1025641025641026
3.19040293040293
3.3
3.0646886446886445
2.5876190476190475
2.2362637362637363
1.7817582417582416
1.1225641025641024
1.0983882783882783
0.42065934065934063
0.11684981684981685
0.0
0.20871794871794871
0.22725274725274722
0.6011721611721611
1.2128205128205127
1.6786080586080585
2.0065934065934066
2.6867399267399263
3.103369963369963
3.3
3.2016849816849815
3.3
2.7665201465201466
2.5424908424908423
2.1790476190476187
1.7946520146520146
1.078241758241758
0.7172161172161172
0.42549450549450546
0.3094505494505494
0.0
0.0
0.6035897435897436
0.5939194139194139
1.120952380952381
1.859120879120879
2.117802197802198
2.6577289377289377
3.1001465201465197
3.1928205128205125
3.3
3.3
3.3
2.5698901098901095
2.121831501831502
1.747106227106227
1.083076923076923
0.6672527472527472
0.46095238095238095
0.3110622710622711
0.0
0.09025641025641025
0.4464468864468864
0.6043956043956044
1.2386080586080586
1.884908424908425
2.0654212454212453
2.5287912087912088
3.0743589743589745
3.1484981684981683
3.232307692307692
3.2387545787545786
2.909157509157509
2.5618315018315014
2.1991941391941388
1.6818315018315018
1.1008058608058608
0.6938461538461538
0.43355311355311354
0.05399267399267399
0.0
0.12652014652014654
0.3537728937728937
0.6043956043956044
1.3514285714285712
1.7817582417582416
2.1395604395604395
2.5545787545787544
3.2194139194139195
3.2645421245421242
3.158168498168498
3.269377289377289
3.103369963369963
2.5295970695970693
2.1766300366300366
1.7406593406593407
1.062124542124542
0.552014652014652
0.3763369963369963
0.0
0.0
0.09912087912087912
0.40776556776556777
0.6068131868131869
1.1064468864468864
1.7543589743589743
2.137948717948718
2.597289377289377
3.0646886446886445
3.2927472527472528
3.2935531135531133
3.3
3.042124542124542
2.5594139194139194
2.088791208791209
1.6761904761904762
1.129010989010989
0.5552380952380952
0.3747252747252747
0.08864468864468865
0.0
0.010476190476190476
0.26029304029304023
0.6358241758241758
1.1394871794871795
1.8091575091575092
2.2797802197802195
2.7084981684981684
3.011501831501831
3.3
3.258095238095238
3.206520146520146
3.1082051282051277
2.585201465201465
2.004175824175824
1.7946520146520146
1.1435164835164835
0.4536996336996337
0.36344322344322344
0.10476190476190476
0.0
0.0
0.4037362637362637
0.6197069597069597
1.0597069597069597
1.7342124542124542
2.2177289377289378
2.5835897435897435
3.0598534798534796
3.3
3.138827838827839
3.2113553113553115
3.1928205128205125
2.5916483516483515
2.174212454212454
1.6286446886446884
1.1604395604395605
0.6640293040293039
0.2772161172161172
0.2111355311355311
0.0
0.0854212454212454
0.3602197802197802
0.7196336996336995
1.1564102564102565
1.6931135531135528
2.2934798534798535
2.681904761904762
2.958315018315018
3.3
3.2411721611721607
3.146886446886447
2.9019047619047615
2.6649816849816848
2.0347985347985347
1.7793406593406593
1.203956043956044
0.552014652014652
0.3295970695970695
0.13619047619047617
0.0
0.0
0.4166300366300366
0.7413919413919414
1.0049084249084248
1.6995604395604396
2.075897435897436
2.6198534798534796
2.9454212454212456
3.3
3.3
3.132380952380952
3.1887912087912085
2.7004395604395603
2.166153846153846
1.718095238095238
1.220879120879121
0.8227838827838827
0.22967032967032966
0.05641025641025641
0.0
0.0
0.20307692307692304
0.7832967032967033
1.1386813186813185
1.6044688644688643
2.287032967032967
2.723003663003663
2.9156043956043955
3.3
3.3
3.17025641025641
2.9776556776556777
2.731062271062271
2.1798534798534797
1.7124542124542124
1.216043956043956
0.6326007326007326
0.2175824175824176
0.11362637362637361
0.4126007326007326
0.0
0.43355311355311354
0.8098901098901099
1.3643223443223442
1.4666666666666666
2.295091575091575
2.6754578754578753
2.9115750915750915
3.1436630036630033
3.3
3.212161172161172
2.7745787545787546
2.702051282051282
2.1589010989010986
1.531135531135531
1.1693040293040293
0.7953846153846154
0.21919413919413916
0.08461538461538462
0.09267399267399268
0.05802197802197802
0.39487179487179486
0.7712087912087912
1.5391941391941393
1.5206593406593405
2.194358974358974
2.6682051282051282
2.9317216117216116
3.232307692307692
3.3
3.2387545787545786
2.9760439560439558
2.703663003663004
2.148424908424908
1.5907692307692307
0.9186813186813186
0.7824908424908424
0.2465934065934066
0.017728937728937726
0.09186813186813186
0.15230769230769228
0.37956043956043956
0.7244688644688644
1.3304761904761904
1.5794871794871794
2.137948717948718
2.6778754578754578
2.8898168498168495
3.167032967032967
3.3
3.3
2.8293772893772893
2.6456410256410257
2.2128937728937728
1.6173626373626373
1.0452014652014652
0.7002930402930403
0.23208791208791207
0.0
0.3529670329670329
0.05399267399267399
0.40695970695970696
0.7760439560439559
1.2224908424908423
1.510989010989011
2.186300366300366
2.803589743589743
2.9438095238095237
3.1613919413919414
3.3
3.2411721611721607
3.0348717948717945
2.681098901098901
2.3668131868131868
1.5714285714285714
1.0492307692307692
0.7800732600732599
0.26029304029304023
0.1684249084249084
0.01611721611721612
0.1684249084249084
0.22402930402930402
0.7462271062271062
1.2813186813186814
1.4980952380952381
2.113772893772894
2.799560439560439
3.017948717948718
3.1412454212454213
3.3
3.3
2.8237362637362633
2.6117948717948716
2.19032967032967
1.5754578754578754
1.0355311355311356
0.7857142857142857
0.2925274725274725
0.027399267399267395
0.024175824175824177
0.2079120879120879
0.19904761904761903
0.7091575091575092
1.2587545787545786
1.6068864468864468
2.033186813186813
2.76007326007326
3.042124542124542
3.3
3.3
3.3
2.830989010989011
2.552161172161172
2.22981684981685
1.7753113553113553
1.0355311355311356
0.7083516483516483
0.3658608058608058
0.029816849816849816
0.028205128205128206
0.10717948717948718
0.2852747252747253
0.618095238095238
1.2418315018315016
1.5996336996336997
2.187912087912088
2.6295238095238096
3.0638827838827836
3.2089377289377286
3.3
3.20007326007326
2.9695970695970697
2.532014652014652
2.3120146520146516
1.5601465201465199
1.0637362637362637
0.635018315018315
0.4021245421245421
0.0016117216117216117
0.08703296703296702
0.20871794871794871
0.12249084249084248
0.6197069597069597
1.2112087912087912
1.6761904761904762
2.1750183150183147
2.6488644688644687
3.0969230769230767
3.138827838827839
3.2806593406593403
3.3
2.804395604395604
2.5505494505494504
2.307179487179487
1.7454945054945052
1.0637362637362637
0.5367032967032966
0.39406593406593404
0.09186813186813186
0.0
0.22967032967032966
0.3142857142857143
0.6189010989010988
1.216043956043956
1.6995604395604396
2.096849816849817
2.7745787545787546
3.1065934065934067
3.1936263736263735
3.3
3.3
3.1090109890109887
2.552161172161172
2.237875457875458
1.6931135531135528
1.0484249084249084
0.7002930402930403
0.39084249084249084
0.05399267399267399
0.0
0.09267399267399268
0.3352380952380952
0.6229304029304028
1.3014652014652015
1.7172893772893771
1.8712087912087911
2.568278388278388
3.1178754578754577
3.20007326007326
3.1726739926739924
3.3
3.0824175824175826
2.5158974358974358
2.121025641025641
1.7495238095238093
1.1265934065934065
0.5931135531135531
0.3779487179487179
0.23611721611721612
0.0
0.22886446886446885
0.361025641025641
0.6052014652014651
1.2136263736263737
1.7446886446886447
2.1911355311355307
2.2967032967032965
3.1082051282051277
3.3
3.0799999999999996
3.2854945054945053
3.1194871794871792
2.5424908424908423
2.0202930402930406
1.7108424908424908
1.0822710622710623
0.6374358974358973
0.37956043956043956
0.0
0.0
0.0
0.4472527472527473
0.6527472527472528
1.2305494505494503
1.7463003663003662
2.1589010989010986
2.3684249084249083
3.071135531135531
3.3
3.3
3.2629304029304027
3.1049816849816847
2.565054945054945
2.019487179487179
1.76
1.1306227106227105
0.5286446886446886
0.3199267399267399
0.14424908424908423
0.0
0.1805128205128205
0.41501831501831504
0.7123809523809523
1.0838827838827838
1.7398534798534797
2.1685714285714286
2.5674725274725274
3.038901098901099
3.2726007326007323
3.2258608058608056
3.1734798534798534
3.1275457875457873
2.60051282051282
2.0243223443223446
1.6632967032967032
1.1975091575091577
0.4859340659340659
0.2804395604395604
0.18857142857142856
0.0
0.05399267399267399
0.42146520146520144
0.718021978021978
1.1636630036630036
1.7608058608058608
2.315238095238095
2.527985347985348
2.979267399267399
3.2355311355311356
3.2887179487179488
3.1315750915750913
2.997802197802198
2.6682051282051282
2.084761904761905
1.6044688644688643
1.261978021978022
0.6801465201465201
0.21274725274725273
0.058827838827838826
0.0
0.0
0.34410256410256407
0.7945787545787545
1.0363369963369964
1.7237362637362637
2.291062271062271
2.5086446886446887
2.942197802197802
3.3
3.3
3.1356043956043953
3.1936263736263735
2.5167032967032967
2.0299633699633697
1.5835164835164834
1.1596336996336996
0.6664468864468864
0.20952380952380953
0.1684249084249084
0.03545787545787545
0.29333333333333333
0.27641025641025635
0.813113553113553
1.2184615384615383
1.7237362637362637
2.303150183150183
2.714139194139194
2.9228571428571426
3.3
3.3
3.0123076923076924
2.971208791208791
2.6496703296703297
2.1105494505494504
1.5802930402930402
1.1660805860805858
0.7631501831501831
0.21435897435897436
0.1345787545787546
0.1232967032967033
0.05641025641025641
0.24256410256410255
0.8115018315018315
1.1821978021978021
1.5964102564102562
2.3506959706959707
2.622271062271062
2.9317216117216116
3.2452014652014647
3.3
3.1452747252747253
2.98974358974359
2.685934065934066
2.475604395604395
1.5303296703296703
1.1652747252747253
0.3602197802197802
0.2635164835164835
0.0
0.0008058608058608059
0.15714285714285714
0.3078388278388278
0.7784615384615384
1.2571428571428571
1.6084981684981683
2.2676923076923075
2.734285714285714
2.984102564102564
3.0517948717948715
3.3
3.187179487179487
3.017142857142857
2.634358974358974
2.12989010989011
1.398168498168498
1.1273992673992674
0.7462271062271062
0.28446886446886444
0.006446886446886447
0.010476190476190476
0.1805128205128205
0.2063003663003663
0.7832967032967033
1.1660805860805858
1.6246153846153844
2.1057142857142854
2.884175824175824
3.029230769230769
3.171062271062271
3.3
3.206520146520146
2.9099633699633696
2.616630036630036
2.2515750915750914
1.3884981684981683
1.0242490842490843
0.7236630036630036
0.2917216117216117
0.0
0.017728937728937726
0.24981684981684982
0.27238095238095233
0.7309157509157509
1.3965567765567766
1.7535531135531133
2.0694505494505493
2.7906959706959706
3.0646886446886445
3.212161172161172
3.3
3.3
2.8060073260073257
2.565054945054945
2.17018315018315
1.623003663003663
1.0016849816849815
0.5544322344322344
0.31589743589743585
0.0
0.03223443223443224
0.14102564102564102
0.3843956043956044
0.6519413919413919
1.236996336996337
1.7382417582417582
2.1186080586080585
2.739120879120879
3.0936996336996336
3.0679120879120876
3.2226373626373626
3.3
2.958315018315018
2.535238095238095
2.2636630036630034
1.6536263736263734
1.0443956043956044
0.6680586080586081
0.4279120879120879
0.0
0.0
0.02901098901098901
0.30622710622710625
0.6358241758241758
1.2071794871794872
1.7704761904761903
2.162124542124542
2.705274725274725
3.121098901098901
3.0743589743589745
3.1372161172161173
3.3
3.0679120879120876
2.51025641025641
2.1452014652014655
1.743076923076923
1.0242490842490843
0.659194139194139
0.36827838827838827
0.14102564102564102
0.0
0.2715750915750916
0.4617582417582417
0.6374358974358973
1.2176556776556777
1.8010989010989011
2.10007326007326
2.743956043956044
3.1356043956043953
3.3
3.2347252747252746
3.274212454212454
3.013113553113553
2.4909157509157507
2.141978021978022
1.9574358974358974
1.0339194139194139
0.47868131868131863
0.3779487179487179
0.0
0.0
0.1418315018315018
0.30058608058608055
0.6793406593406592
1.1717216117216116
1.8099633699633697
2.0686446886446888
2.590842490842491
3.0679120879120876
3.3
3.3
3.2863003663003663
3.1484981684981683
2.5134798534798533
2.249157509157509
1.6649084249084247
1.0403663003663004
0.5995604395604395
0.3723076923076923
0.0
0.0
0.11443223443223442
0.47626373626373625
0.6640293040293039
1.0210256410256409
1.7793406593406593
2.2193406593406593
2.5916483516483515
3.1162637362637358
3.3
3.1734798534798534
3.1936263736263735
3.0195604395604394
2.5038095238095233
1.8687912087912089
1.6463736263736264
1.0266666666666666
0.5802197802197803
0.3134798534798534
0.17003663003663003
0.0
0.0
0.48754578754578753
0.6825641025641025
1.3482051282051282
1.7543589743589743
2.2
2.6037362637362635
3.038901098901099
3.2838827838827838
3.174285714285714
3.0936996336996336
3.0606593406593405
2.5715018315018314
1.9493772893772894
1.5649816849816849
1.0895238095238093
0.5238095238095238
0.3231501831501831
0.2063003663003663
0.0
0.17567765567765567
0.45289377289377286
0.7252747252747253
1.078241758241758
1.8115750915750914
2.383736263736264
2.5287912087912088
3.025201465201465
3.3
3.2669597069597067
3.1098168498168497
2.993772893772894
2.6456410256410257
2.0895970695970694
1.6463736263736264
1.0895238095238093
0.3876190476190476
0.20952380952380953
0.15553113553113554
0.0
0.0
0.36827838827838827
0.7478388278388277
1.1668864468864468
1.8051282051282052
2.2684981684981684
2.697216117216117
3.003443223443223
3.2758241758241757
3.2387545787545786
3.1122344322344317
3.3
2.6448351648351647
2.0259340659340657
1.5827106227106227
1.174139194139194
0.6317948717948717
0.1934065934065934
0.10395604395604395
0.09831501831501831
0.13135531135531134
0.3312087912087912
0.7695970695970696
1.0975824175824174
1.6915018315018315
2.3974358974358974
2.7608791208791206
2.9357509157509156
3.3
3.3
3.2306959706959706
2.9019047619047615
2.655311355311355
1.9526007326007324
1.5383882783882783
1.2265201465201463
0.6487179487179487
0.18776556776556777
0.1547252747252747
0.06043956043956044
0.0
0.45450549450549443
0.8380952380952381
1.0339194139194139
1.6632967032967032
2.461904761904762
2.7584615384615385
2.94058608058608
3.3
3.1968498168498165
3.1090109890109887
2.768131868131868
2.6561172161172157
2.0460805860805857
1.432014652014652
1.1523809523809523
0.8791941391941391
0.2369230769230769
0.12249084249084248
0.19018315018315018
0.02659340659340659
0.21597069597069596
0.8211721611721611
1.1370695970695972
1.614139194139194
2.3281318681318677
2.60051282051282
2.9567032967032962
3.3
3.3
3.216190476190476
2.6835164835164833
2.6456410256410257
2.258021978021978
1.4884249084249084
1.0274725274725274
0.7083516483516483
0.2216117216117216
0.0
0.08058608058608059
0.12893772893772895
0.2804395604395604
0.7615384615384615
1.357875457875458
1.73018315018315
1.9074725274725273
2.6827106227106223
2.993772893772894
3.258095238095238
3.3
3.3
2.8326007326007328
2.573113553113553
2.2265934065934063
1.6004395604395603
1.0298901098901099
0.7397802197802197
0.2562637362637362
0.0
0.05399267399267399
0.1942124542124542
0.3545787545787546
0.7397802197802197
0.9581684981684981
1.6657142857142855
2.1927472527472527
2.876923076923077
3.0743589743589745
2.991355311355311
3.266153846153846
3.2774358974358972
3.0646886446886445
2.532820512820513
2.2443223443223443
1.5214652014652015
0.9839560439560439
0.7615384615384615
0.3465201465201465
0.0
0.0
0.1547252747252747
0.4319413919413919
0.6745054945054945
1.4142857142857144
1.872014652014652
2.1774358974358976
2.771355311355311
3.1227106227106227
3.3
3.2726007326007323
3.295164835164835
2.9067399267399265
2.468351648351648
2.071868131868132
1.6076923076923078
0.9750915750915751
0.718021978021978
0.37956043956043956
0.11926739926739927
0.0
0.14908424908424908
0.24981684981684982
0.6801465201465201
1.3079120879120878
1.8268864468864467
2.2886446886446885
2.4594871794871795
3.142051282051282
3.2371428571428567
3.186373626373626
3.256483516483516
3.005054945054945
2.484468864468864
2.250769230769231
1.652014652014652
1.0532600732600732
0.5149450549450549
0.32476190476190475
0.1386080586080586
0.0
0.19904761904761903
0.6761172161172161
0.6833699633699633
1.2772893772893772
1.7753113553113553
2.152454212454212
2.578754578754579
3.0888644688644686
3.3
3.212161172161172
3.1533333333333333
3.021172161172161
2.5416849816849814
2.0831501831501833
1.7100366300366299
1.0766300366300368
0.5753846153846154
0.31025641025641026
0.1394139194139194
0.0
0.07655677655677656
0.5367032967032966
0.7196336996336995
1.2555311355311354
1.7978754578754577
2.295091575091575
2.791501831501831
3.073553113553113
3.0356776556776555
3.2645421245421242
3.0904761904761906
3.2709890109890107
2.5537728937728934
1.913113553113553
1.5593406593406594
1.2684249084249084
0.8993406593406593
0.31267399267399265
0.008864468864468863
0.0
0.03948717948717948
0.5181684981684982
0.7913553113553113
1.357069597069597
1.7769230769230768
2.3200732600732596
2.501391941391941
2.9744322344322343
3.142051282051282
3.3
3.046959706959707
3.0163369963369964
2.6134065934065935
1.9985347985347985
1.5480586080586078
1.1539926739926738
0.6068131868131869
0.19260073260073257
0.044322344322344324
0.016923076923076923
0.03304029304029304
0.49076923076923074
0.888058608058608
1.232967032967033
1.6721611721611722
2.3619780219780218
2.757655677655677
2.9357509157509156
3.3
3.3
3.1694505494505494
3.029230769230769
2.6569230769230767
1.8913553113553112
1.593186813186813
1.199120879120879
0.5141391941391942
0.19179487179487179
0.21032967032967032
0.12893772893772895
0.03465201465201465
0.32476190476190475
0.8711355311355311
1.212014652014652
1.6697435897435897
2.307179487179487
2.922051282051282
2.9599267399267397
3.1767032967032964
3.3
3.125128205128205
2.840659340659341
2.639194139194139
2.162124542124542
1.5214652014652015
1.1306227106227105
0.7019047619047618
0.21355311355311354
0.0
0.07816849816849816
0.3215384615384615
0.3481318681318681
0.8364835164835164
1.2506959706959706
1.7285714285714286
2.2821978021978024
2.8696703296703294
2.98974358974359
3.1855677655677654
3.3
3.19040293040293
2.872893772893773
2.606959706959707
2.1226373626373625
1.569010989010989
1.0443956043956044
0.647106227106227
0.19663003663003661
0.0
0.16439560439560438
0.04673992673992673
0.39084249084249084
0.7639560439560439
1.3175824175824176
1.6842490842490843
2.265274725274725
2.8777289377289375
3.038095238095238
3.1186813186813187
3.3
