0.9855677655677655
0.4512820512820513
3.2355311355311356
1.8752380952380951
0.07736263736263735
2.3297435897435896
2.813260073260073
0.19179487179487179
1.2684249084249084
3.3
0.9396336996336996
0.3183150183150183
3.174285714285714
1.9679120879120877
0.0
2.4071062271062273
2.7778021978021976
0.2063003663003663
1.7463003663003662
3.2218315018315016
1.0564835164835165
0.5906959706959707
3.0082783882783883
2.013040293040293
0.0
2.4409523809523805
2.925274725274725
0.16923076923076924
1.3562637362637362
3.3
0.7808791208791208
0.6027838827838828
3.1396336996336993
1.7253479853479852
0.06446886446886448
2.194358974358974
2.681098901098901
0.35216117216117215
1.2716483516483517
3.2613186813186807
0.9259340659340659
0.4126007326007326
3.202490842490842
1.9848351648351648
0.0
2.3039560439560436
2.8317948717948713
0.21274725274725273
1.4215384615384614
3.198461538461538
0.9952380952380953
0.4673992673992674
3.0485714285714285
1.9574358974358974
0.0
2.3200732600732596
2.8898168498168495
0.11765567765567765
1.2144322344322342
3.2903296703296703
0.7744322344322344
0.49882783882783877
3.138021978021978
2.004175824175824
0.09509157509157509
2.352307692307692
3.0598534798534796
0.2788278388278388
1.3586813186813185
3.3
0.8646886446886446
0.48915750915750916
3.1533333333333333
1.896996336996337
0.05963369963369963
2.3063736263736265
2.789084249084249
0.2683516483516483
1.5295238095238095
3.2016849816849815
0.8751648351648351
0.2627106227106227
3.1476923076923073
1.975164835164835
0.0
2.4490109890109886
2.805201465201465
0.1241025641025641
1.519047619047619
3.2411721611721607
0.9541391941391941
0.5157509157509158
3.171062271062271
1.8816849816849817
0.03223443223443224
2.265274725274725
2.908351648351648
0.16439560439560438
1.448131868131868
3.3
0.8356776556776556
0.4625641025641025
3.212161172161172
1.8607326007326006
0.07736263736263735
2.242710622710623
2.7906959706959706
0.30542124542124544
1.1749450549450549
3.3
0.9621978021978022
0.4561172161172161
3.1517216117216114
1.926007326007326
0.03304029304029304
2.6601465201465198
2.7584615384615385
0.21677655677655677
1.3844688644688643
3.1694505494505494
0.9283516483516483
0.5326739926739926
3.0638827838827836
2.0065934065934066
0.0
2.339413919413919
2.884175824175824
0.05641025641025641
1.4787545787545788
3.3
0.6882051282051281
0.44805860805860803
3.1049816849816847
1.5134065934065932
0.10315018315018315
2.448205128205128
2.987326007326007
0.2530402930402931
1.3747985347985345
3.3
0.7728205128205128
0.4778754578754578
3.1968498168498165
1.8067399267399267
0.0701098901098901
2.51025641025641
2.681904761904762
0.28285714285714286
1.4295970695970694
3.1968498168498165
0.9879853479853479
0.4859340659340659
3.192014652014652
2.0243223443223446
0.0
2.5513553113553114
2.9575091575091577
0.16439560439560438
1.5609523809523809
3.2258608058608056
0.9227106227106228
0.6084249084249084
3.1895970695970695
1.880879120879121
0.02901098901098901
2.3635897435897437
2.9035164835164835
0.10153846153846152
1.3602930402930402
3.3
0.8276190476190476
0.5745787545787546
3.1517216117216114
1.913113553113553
0.10476190476190476
2.4167765567765565
2.739120879120879
0.2635164835164835
1.3691575091575092
3.3
0.9073992673992674
0.4198534798534798
3.2032967032967035
1.8115750915750914
0.0
2.5295970695970693
2.718974358974359
0.20388278388278389
1.5440293040293038
3.2250549450549446
1.0395604395604396
0.5487912087912087
3.045347985347985
1.896996336996337
0.0
2.4385347985347985
2.8027838827838827
0.11362637362637361
1.4698901098901098
3.3
0.7978021978021979
0.680952380952381
3.1017582417582417
2.2120879120879122
0.17890109890109887
2.2676923076923075
3.0679120879120876
0.1845421245421245
1.2853479853479854
3.3
0.7897435897435897
0.44
3.2758241758241757
1.751941391941392
0.009670329670329669
2.4546520146520145
2.386959706959707
0.2562637362637362
1.49003663003663
3.1331868131868132
1.0443956043956044
0.5592673992673992
3.187179487179487
2.0605860805860807
0.0
2.489304029304029
2.9156043956043955
0.12249084249084248
1.6657142857142855
3.19040293040293
0.7075457875457875
0.5729670329670329
3.0969230769230767
1.959047619047619
0.0
2.469157509157509
2.8616117216117214
0.15633699633699633
1.6874725274725275
3.3
0.6825641025641025
0.5544322344322344
3.1484981684981683
1.7793406593406593
0.10798534798534798
2.402271062271062
2.739120879120879
0.2111355311355311
1.349010989010989
3.3
1.0339194139194139
0.48271062271062265
3.2153846153846155
1.6955311355311355
0.0419047619047619
2.4151648351648354
2.6835164835164833
0.12652014652014654
1.4787545787545788
3.154945054945055
0.6914285714285714
0.6205128205128205
3.077582417582417
1.8107692307692307
0.0
2.348278388278388
2.743956043956044
0.0693040293040293
1.6109157509157508
3.3
0.7978021978021979
0.6745054945054945
3.166227106227106
1.8309157509157508
0.3199267399267399
2.339413919413919
2.839047619047619
0.22483516483516483
1.4167032967032966
3.287106227106227
0.8413186813186813
0.4617582417582417
3.2452014652014647
1.6898901098901098
0.0
2.7906959706959706
2.6835164835164833
0.1684249084249084
1.618974358974359
3.1734798534798534
0.9049816849816849
0.5133333333333333
3.179120879120879
2.0525274725274727
0.0
2.494139194139194
2.884175824175824
0.09106227106227106
1.4368498168498167
3.1895970695970695
0.6245421245421245
0.5487912087912087
3.099340659340659
1.772087912087912
0.11684981684981685
2.5142857142857142
2.85032967032967
0.1506959706959707
1.4368498168498167
3.3
0.7623443223443223
0.4319413919413919
3.295164835164835
1.8937728937728937
0.0684981684981685
2.5505494505494504
2.7165567765567764
0.21597069597069596
1.4666666666666666
3.187179487179487
0.9114285714285714
0.518974358974359
3.1936263736263735
1.9227838827838826
0.0
2.584395604395604
2.8712820512820514
0.06285714285714285
1.7366300366300367
3.228278388278388
0.7405860805860806
0.4819047619047619
3.0936996336996336
1.9646886446886447
0.11604395604395604
2.482051282051282
2.623076923076923
0.10637362637362636
1.4715018315018313
3.3
0.7365567765567765
0.5713553113553113
3.287106227106227
1.7358241758241757
0.1386080586080586
2.349084249084249
2.8736996336996334
0.19663003663003661
1.4868131868131869
3.3
0.921098901098901
0.5447619047619047
3.2516483516483516
1.8043223443223442
0.03062271062271062
2.874505494505494
2.4586813186813186
0.14424908424908423
1.6205860805860803
3.083223443223443
0.8574358974358974
0.7284981684981685
3.1138461538461537
1.8446153846153845
0.0
2.331355311355311
2.8938461538461535
0.051575091575091575
1.822051282051282
3.3
0.6068131868131869
0.8501831501831502
3.228278388278388
1.6987545787545786
0.07575091575091575
2.461904761904762
2.685934065934066
0.19582417582417583
1.4843956043956044
3.2371428571428567
0.6599999999999999
0.5375091575091575
3.3
1.7793406593406593
0.0
2.619047619047619
2.5424908424908423
0.14102564102564102
1.6238095238095238
3.1936263736263735
0.8284249084249083
0.61003663003663
3.1186813186813187
1.9654945054945054
0.04673992673992673
2.6633699633699632
2.876923076923077
0.03465201465201465
1.6423443223443221
3.3
0.70996336996337
0.7035164835164834
3.1807326007326004
1.7068131868131868
0.3142857142857143
2.5167032967032967
3.069523809523809
0.1676190476190476
1.2708424908424907
3.3
0.734139194139194
0.6382417582417582
3.287106227106227
1.5657875457875456
0.09025641025641025
2.6867399267399263
2.606153846153846
0.1805128205128205
1.6778021978021977
3.142051282051282
0.7776556776556777
0.5826373626373627
3.1807326007326004
1.8228571428571427
0.0
2.548937728937729
2.7866666666666666
0.013699633699633697
1.7769230769230768
3.1484981684981683
0.6463003663003662
0.6736996336996336
3.2032967032967035
1.7938461538461536
0.03304029304029304
2.395824175824176
2.7745787545787546
0.17809523809523808
1.4553846153846153
3.3
0.7663736263736263
0.8663003663003663
3.3
1.7172893772893771
0.044322344322344324
2.6649816849816848
2.4304761904761905
0.16439560439560438
1.5907692307692307
3.175897435897436
0.7647619047619048
0.6285714285714286
3.1936263736263735
1.7745054945054943
0.0
2.6279120879120876
3.1356043956043953
0.020146520146520148
1.6415384615384614
3.2935531135531133
0.6994871794871794
0.7494505494505495
3.174285714285714
1.5142124542124542
0.22725274725274722
2.502197802197802
2.7898901098901097
0.12490842490842491
1.402197802197802
3.3
0.6237362637362637
0.6454945054945054
3.2750183150183148
1.7487179487179487
0.23208791208791207
2.619047619047619
2.6536996336996337
0.14666666666666667
1.647985347985348
3.113040293040293
0.7913553113553113
0.5552380952380952
3.2194139194139195
1.7422710622710622
0.0
2.664175824175824
2.6448351648351647
0.04835164835164835
1.4852014652014651
3.2258608058608056
0.7679853479853479
0.8211721611721611
3.1444688644688643
1.730989010989011
0.24256410256410255
2.6174358974358976
2.6988278388278384
0.136996336996337
1.531135531135531
3.3
0.7430036630036629
0.7454212454212454
3.3
1.626227106227106
0.0
2.693992673992674
2.584395604395604
0.1805128205128205
1.2168498168498167
3.1694505494505494
0.713992673992674
0.46095238095238095
3.179120879120879
1.5424175824175823
0.0
2.651282051282051
2.664175824175824
0.022564102564102562
1.4336263736263737
2.8237362637362633
0.7518681318681317
0.7413919413919414
3.124322344322344
1.6028571428571428
0.2643223443223443
2.5158974358974358
2.6359706959706957
0.09912087912087912
1.510989010989011
3.3
0.6326007326007326
0.22241758241758242
3.3
1.5263003663003663
0.10556776556776555
2.6706227106227103
2.544908424908425
0.15794871794871793
1.7132600732600731
3.1573626373626373
0.7849084249084248
0.6575824175824175
3.232307692307692
1.7978754578754577
0.0
2.6416117216117216
2.5803663003663
0.0
1.6697435897435897
3.2371428571428567
0.614065934065934
0.7228571428571429
3.1936263736263735
1.5673992673992674
0.17326007326007326
2.531208791208791
2.4232234432234434
0.12168498168498168
1.6375091575091574
3.2790476190476188
0.6978754578754578
0.722051282051282
3.3
1.6076923076923078
0.10315018315018315
2.7778021978021976
2.5142857142857142
0.14908424908424908
1.7745054945054943
3.103369963369963
0.7276923076923076
0.5592673992673992
3.2016849816849815
1.6681318681318682
0.0
2.7407326007326005
2.5553846153846154
0.0
1.7962637362637361
3.2355311355311356
0.5826373626373627
0.7784615384615384
3.1807326007326004
1.577069597069597
0.20388278388278389
2.6295238095238096
2.556996336996337
0.11201465201465201
1.6987545787545786
3.3
0.5286446886446886
0.6406593406593407
3.3
1.472307692307692
0.2522344322344322
2.757655677655677
2.045274725274725
0.1394139194139194
1.6939194139194138
3.125128205128205
0.7131868131868132
0.6632234432234432
3.206520146520146
1.7164835164835164
0.020146520146520148
2.7084981684981684
2.452234432234432
0.004835164835164834
1.7382417582417582
3.154945054945055
0.6599999999999999
0.8872527472527472
3.2153846153846155
1.6906959706959706
0.17406593406593404
2.5916483516483515
2.707692307692308
0.06769230769230769
1.5722344322344322
3.3
0.5326739926739926
0.7446153846153846
3.3
1.4964835164835164
0.10315018315018315
2.809230769230769
2.4828571428571427
0.136996336996337
1.6632967032967032
3.085641025641025
0.7051282051282052
0.5697435897435897
3.192014652014652
1.6423443223443221
0.1652014652014652
2.6907692307692304
2.5086446886446887
0.0
1.7084249084249084
3.1259340659340658
0.502051282051282
0.7728205128205128
3.1936263736263735
1.5915750915750915
0.2522344322344322
2.582783882783883
2.5586080586080584
0.06285714285714285
1.6713553113553112
3.3
0.6116483516483516
0.8324542124542124
3.3
1.344981684981685
0.19582417582417583
2.622271062271062
2.552161172161172
0.14747252747252745
1.622197802197802
3.1186813186813187
0.713992673992674
0.70996336996337
3.3
1.8123809523809524
0.0
2.7205860805860804
2.5860073260073255
0.012087912087912088
1.6786080586080585
3.287106227106227
0.6640293040293039
0.6301831501831502
3.19040293040293
1.6286446886446884
0.12168498168498168
2.5586080586080584
2.6440293040293037
0.09831501831501831
1.2756776556776557
3.3
0.5778021978021978
0.7526739926739926
3.3
1.5367765567765566
0.0
2.808424908424908
2.1637362637362636
0.1394139194139194
1.8051282051282052
3.2274725274725276
0.6680586080586081
0.6873992673992673
3.3
1.5754578754578754
0.18695970695970693
2.715750915750916
2.4006593406593404
0.03545787545787545
1.9106959706959705
3.1767032967032964
0.5826373626373627
0.7945787545787545
3.202490842490842
1.6842490842490843
0.2530402930402931
2.6738461538461538
2.570695970695971
0.05802197802197802
1.6858608058608058
3.3
0.5600732600732601
0.7575091575091575
3.3
1.5416117216117216
0.1708424908424908
2.7205860805860804
2.486080586080586
0.11362637362637361
1.7414652014652012
3.1476923076923073
0.651135531135531
0.925128205128205
3.3
1.7285714285714286
0.14989010989010987
2.755238095238095
2.574725274725275
0.01531135531135531
2.0065934065934066
3.3
0.5858608058608058
0.8074725274725274
3.2290842490842486
1.593992673992674
0.12087912087912088
2.5658608058608054
2.5795604395604395
0.05479853479853479
1.747912087912088
3.0243956043956044
0.4585347985347985
0.8308424908424907
3.2927472527472528
1.365934065934066
0.303003663003663
2.751208791208791
2.479633699633699
0.13619047619047617
1.8768498168498169
3.1227106227106227
0.6535531135531135
0.6656410256410256
3.3
1.515018315018315
0.0
2.7165567765567764
2.5997069597069595
0.0
1.8446153846153845
3.1202930402930398
0.5842490842490843
0.8598534798534798
3.2508424908424907
1.6850549450549448
0.14827838827838827
2.6883516483516483
2.445787545787546
0.00805860805860806
1.7189010989010989
3.1122344322344317
0.502051282051282
1.091135531135531
3.3
1.6109157509157508
0.1104029304029304
2.6964102564102563
2.208058608058608
0.1378021978021978
1.747106227106227
3.1001465201465197
0.6197069597069597
0.8517948717948718
3.2903296703296703
1.7882051282051281
0.011282051282051281
2.7810256410256406
2.4909157509157507
0.045128205128205125
1.9574358974358974
3.1517216117216114
0.6519413919413919
0.8098901098901099
3.167838827838828
1.6632967032967032
0.11604395604395604
2.711721611721612
2.5215384615384613
0.0
1.461025641025641
3.2250549450549446
0.5221978021978022
0.9758974358974358
3.2798534798534797
1.472307692307692
0.22402930402930402
2.745567765567765
2.527985347985348
0.1547252747252747
1.7745054945054943
3.2315018315018316
0.6148717948717949
0.7679853479853479
3.3
1.439267399267399
0.04593406593406593
2.8358241758241753
2.468351648351648
0.05963369963369963
1.6866666666666665
2.997802197802198
0.6027838827838828
0.9815384615384615
3.1847619047619045
1.5657875457875456
0.05802197802197802
2.761684981684981
2.544102564102564
0.040293040293040296
1.8655677655677656
3.17025641025641
0.48432234432234433
1.0524542124542124
3.2258608058608056
1.3627106227106225
0.2610989010989011
2.707692307692308
2.374065934065934
0.09589743589743589
1.858315018315018
3.1726739926739924
0.5866666666666667
0.41501831501831504
3.3
1.593992673992674
0.025787545787545788
2.984102564102564
2.394212454212454
0.10959706959706958
1.85025641025641
3.0808058608058606
0.5431501831501832
0.8155311355311355
3.19040293040293
1.5238827838827838
0.1805128205128205
2.752014652014652
2.37003663003663
0.0
1.950989010989011
3.1968498168498165
0.39164835164835166
0.9057875457875457
3.2645421245421242
1.5399999999999998
0.09025641025641025
2.747985347985348
2.266886446886447
0.14263736263736265
1.8325274725274725
3.2516483516483516
0.5302564102564102
0.8034432234432234
3.3
1.3747985347985345
0.13216117216117215
2.860805860805861
2.4433699633699635
0.020146520146520148
2.082344322344322
3.1098168498168497
0.6172893772893773
0.8767765567765566
3.1517216117216114
1.510989010989011
0.136996336996337
2.847912087912088
2.4715750915750916
0.0
1.9364835164835164
3.186373626373626
0.45289377289377286
0.9219047619047619
3.1476923076923073
1.3079120879120878
0.24256410256410255
2.743956043956044
2.5054212454212452
0.03626373626373627
1.772087912087912
3.2532600732600727
0.5342857142857143
0.8179487179487179
3.3
1.443296703296703
0.0
2.94058608058608
2.473992673992674
0.047545787545787546
1.971135531135531
2.872087912087912
0.5560439560439561
0.7808791208791208
3.2629304029304027
1.4424908424908425
0.033846153846153845
2.874505494505494
2.631135531135531
0.0
1.9356776556776556
3.3
0.46659340659340653
0.9775091575091575
3.3
1.3586813186813185
0.31670329670329667
2.8189010989010987
2.56021978021978
0.06285714285714285
1.8454212454212455
3.2194139194139195
0.4794871794871795
0.8808058608058608
3.3
1.2845421245421245
0.23047619047619047
2.9027106227106225
2.394212454212454
0.06446886446886448
2.16051282051282
3.1162637362637358
0.5810256410256409
0.8582417582417582
3.2145787545787545
1.585128205128205
0.20065934065934063
2.884175824175824
2.3619780219780218
0.0
2.0186813186813186
3.171062271062271
0.4126007326007326
0.892087912087912
3.2258608058608056
1.423150183150183
0.0
2.789084249084249
2.61018315018315
0.009670329670329669
1.8010989010989011
3.3
0.48029304029304026
0.8783882783882784
3.3
1.3296703296703296
0.3416849816849816
2.897069597069597
2.3579487179487177
0.09750915750915749
1.983223443223443
3.0687179487179486
0.5641025641025641
0.8461538461538461
3.3
1.7108424908424908
0.05802197802197802
2.882564102564102
2.4868864468864467
0.0
1.9864468864468865
3.1122344322344317
0.44483516483516483
1.0234432234432234
3.2315018315018316
1.2257142857142858
0.12249084249084248
2.743956043956044
2.3813186813186813
0.029816849816849816
1.7946520146520146
3.1227106227106227
0.5068864468864468
0.9895970695970695
3.3
1.3296703296703296
0.2063003663003663
2.8946520146520145
2.3184615384615386
0.16439560439560438
1.9445421245421244
3.1146520146520147
0.5326739926739926
0.9783150183150183
3.3
1.5351648351648353
0.1829304029304029
2.8906227106227105
2.612600732600732
0.0
1.888131868131868
3.183956043956044
0.5004395604395604
0.9992673992673993
3.2290842490842486
1.3707692307692305
0.0684981684981685
2.761684981684981
2.4135531135531134
0.05399267399267399
2.041245421245421
3.1855677655677654
0.41340659340659336
0.9194871794871794
3.3
1.3046886446886445
0.24095238095238095
2.9454212454212456
2.084761904761905
0.10315018315018315
2.071868131868132
3.1533333333333333
0.5504029304029304
0.9581684981684981
3.258095238095238
1.4207326007326007
0.2079120879120879
2.9115750915750915
2.331355311355311
0.0
2.0460805860805857
3.1138461538461537
0.4343589743589743
1.116923076923077
3.2411721611721607
1.3965567765567766
0.08058608058608059
2.8124542124542122
2.5416849816849814
0.07172161172161172
1.950989010989011
3.0687179487179486
0.39728937728937724
1.091135531135531
3.3
1.2394139194139193
0.14505494505494507
2.8817582417582415
2.0952380952380953
0.1547252747252747
2.0484981684981687
3.1396336996336993
0.527032967032967
1.1693040293040293
3.3
1.3554578754578752
0.03223443223443224
2.962344322344322
2.254798534798535
0.0
2.1452014652014655
3.256483516483516
0.36827838827838827
1.2128205128205127
3.2210256410256406
1.3385347985347984
0.2063003663003663
2.854358974358974
2.3055677655677655
0.0
1.9106959706959705
3.2645421245421242
0.4472527472527473
0.826007326007326
3.3
1.274065934065934
0.3497435897435897
2.938168498168498
2.2644688644688644
0.09589743589743589
1.913113553113553
2.971208791208791
0.5036630036630036
0.9235164835164834
3.3
1.349010989010989
0.1684249084249084
2.9099633699633696
2.3361904761904757
0.0
2.007399267399267
3.1194871794871792
0.4198534798534798
0.9484981684981685
3.296776556776557
1.3884981684981683
0.3706959706959707
2.8100366300366297
2.37003663003663
0.11443223443223442
1.8945787545787545
3.1356043956043953
0.3457142857142857
1.1556043956043955
3.3
1.232967032967033
0.3150915750915751
2.893040293040293
2.37003663003663
0.11604395604395604
1.8873260073260072
3.1057875457875457
0.5205860805860805
0.9202930402930403
3.3
1.3175824175824176
0.24739926739926738
2.9550915750915747
2.2564102564102564
0.0
2.0460805860805857
2.8326007326007328
0.43113553113553116
1.353846153846154
3.2258608058608056
1.3723809523809523
0.12974358974358974
2.834212454212454
2.46996336996337
0.03545787545787545
2.0992673992673994
3.083223443223443
0.3368498168498168
1.0153846153846153
3.1807326007326004
1.207985347985348
0.2643223443223443
2.8793406593406594
2.24996336996337
0.024175824175824177
1.9235897435897436
3.050989010989011
0.5004395604395604
1.1419047619047618
3.3
1.3175824175824176
0.1418315018315018
2.9679853479853477
2.2934798534798535
0.0
2.1935531135531137
2.971208791208791
0.47626373626373625
1.1153113553113552
3.186373626373626
1.2829304029304027
0.17164835164835165
2.874505494505494
2.3603663003663002
0.0
2.117802197802198
3.163809523809524
0.34007326007326005
1.1499633699633698
3.3
1.2603663003663004
0.12893772893772895
2.8253479853479853
2.1677655677655676
0.09912087912087912
2.148424908424908
3.1404395604395603
0.4424175824175824
1.224908424908425
3.3
1.3216117216117216
0.3384615384615385
3.0082783882783883
2.204029304029304
0.21274725274725273
2.186300366300366
3.058241758241758
0.4698168498168498
0.9219047619047619
3.20007326007326
1.3691575091575092
0.1257142857142857
2.921245421245421
2.4232234432234434
0.0
2.0670329670329672
3.0799999999999996
0.3191208791208791
1.062930402930403
3.2806593406593403
1.2853479853479854
0.3368498168498168
2.868058608058608
2.009010989010989
0.051575091575091575
2.000952380952381
3.2371428571428567
0.3626373626373626
0.9106227106227106
3.3
1.2627838827838826
0.24739926739926738
3.013113553113553
2.1814652014652016
0.04673992673992673
2.137948717948718
2.9679853479853477
0.4657875457875458
1.0854945054945053
3.224249084249084
1.3336996336996336
0.18534798534798536
2.975238095238095
2.2967032967032965
0.0
2.245934065934066
2.9824908424908423
0.3312087912087912
1.062124542124542
3.2863003663003663
1.2724542124542124
0.2675457875457875
2.858388278388278
2.3909890109890113
0.041098901098901096
2.071868131868132
3.174285714285714
0.30622710622710625
1.1564102564102565
3.3
1.4529670329670328
0.48432234432234433
3.0235897435897434
2.258021978021978
0.023369963369963366
2.0186813186813186
2.9615384615384617
0.4416117216117216
1.1145054945054944
3.3
1.2805128205128204
0.28205128205128205
2.993772893772894
2.2684981684981684
0.0
2.2684981684981684
3.0123076923076924
0.3658608058608058
1.062930402930403
3.248424908424908
1.3377289377289376
0.40131868131868126
2.882564102564102
2.349084249084249
0.05479853479853479
1.983223443223443
3.1090109890109887
0.3013919413919414
1.062124542124542
3.3
1.1660805860805858
0.3199267399267399
2.9397802197802196
2.1427838827838825
0.0
2.0710622710622713
3.037289377289377
0.4504761904761904
1.0169963369963368
3.2806593406593403
1.353040293040293
0.23208791208791207
3.067106227106227
2.2096703296703297
0.3150915750915751
2.1927472527472527
2.8777289377289375
0.37150183150183147
1.1854212454212454
3.3
1.0903296703296703
0.28608058608058606
2.8873992673992674
2.242710622710623
0.0
2.0654212454212453
3.05018315018315
0.29010989010989013
1.116923076923077
3.299194139194139
1.199120879120879
0.4504761904761904
2.942197802197802
2.1492307692307695
0.0
2.07992673992674
3.2516483516483516
0.4238827838827839
0.9436630036630036
3.2854945054945053
1.1886446886446886
0.2852747252747253
3.055018315018315
1.9743589743589745
0.0
2.136336996336996
2.8108424908424907
0.2909157509157509
1.1153113553113552
3.2250549450549446
1.2386080586080586
0.2957509157509157
2.917216117216117
1.8824908424908424
0.09992673992673992
2.2193406593406593
3.3
0.2627106227106227
1.1451282051282052
3.3
1.075018315018315
0.10637362637362636
2.9357509157509156
2.1717948717948716
0.08058608058608059
2.1814652014652016
3.00989010989011
0.44805860805860803
1.0234432234432234
3.3
1.129010989010989
0.37956043956043956
3.0703296703296705
2.141978021978022
0.03304029304029304
2.2394871794871793
2.9550915750915747
0.39084249084249084
1.207985347985348
3.2306959706959706
1.1838095238095239
0.3207326007326007
2.9147985347985346
2.2604395604395604
0.0
2.1065201465201464
3.1009523809523807
0.28205128205128205
1.0186080586080586
3.27018315018315
1.0806593406593408
0.473040293040293
2.9349450549450546
2.075897435897436
0.10798534798534798
2.017069597069597
2.9454212454212456
0.37875457875457874
1.1370695970695972
3.3
1.0339194139194139
0.31670329670329667
3.0477655677655675
2.2153113553113553
0.022564102564102562
2.207252747252747
3.1573626373626373
0.36747252747252745
1.033113553113553
3.2258608058608056
1.2305494505494503
0.3094505494505494
2.9228571428571426
2.4506227106227105
0.0
2.154065934065934
3.132380952380952
0.24336996336996336
1.1668864468864468
3.2895238095238093
0.9815384615384615
0.2079120879120879
3.0123076923076924
1.9429304029304026
0.1232967032967033
2.0895970695970694
3.045347985347985
0.356996336996337
0.9734798534798534
3.3
1.207985347985348
0.32395604395604394
3.0808058608058606
2.0654212454212453
0.06688644688644688
2.274945054945055
2.844688644688645
0.3473260073260073
1.2797069597069597
3.3
1.2265201465201463
0.36344322344322344
2.9575091575091577
2.033186813186813
0.0
2.1734065934065936
2.98974358974359
0.2232234432234432
1.2958241758241758
3.2822710622710622
1.1435164835164835
0.40131868131868126
2.9776556776556777
2.12989010989011
0.1386080586080586
1.9799999999999998
2.988937728937729
0.4021245421245421
1.1298168498168497
3.3
0.9976556776556775
0.2852747252747253
3.1090109890109887
1.975164835164835
0.051575091575091575
2.250769230769231
2.9276923076923076
0.32879120879120877
1.2458608058608056
3.2532600732600727
1.1709157509157508
0.25465201465201465
2.918021978021978
2.1508424908424906
0.0
2.2701098901098904
3.045347985347985
0.21032967032967032
1.2257142857142858
3.3
0.9758974358974358
0.3989010989010989
2.992967032967033
2.0396336996336997
0.05802197802197802
2.2225641025641023
3.049377289377289
0.39728937728937724
0.7873260073260073
3.3
1.037948717948718
0.24578754578754577
3.0904761904761906
2.1065201465201464
0.004835164835164834
2.3361904761904757
2.9196336996336996
0.29978021978021974
1.4473260073260072
3.1565567765567764
1.191868131868132
0.38600732600732596
2.933333333333333
2.224981684981685
0.0
2.2
3.058241758241758
0.19179487179487179
1.1564102564102565
3.3
1.0186080586080586
0.4045421245421245
3.03003663003663
2.0936263736263734
0.06446886446886448
2.1991941391941388
2.876923076923077
0.37956043956043956
1.6810256410256408
3.3
1.1016117216117214
0.2957509157509157
3.1098168498168497
1.8478388278388278
0.0
2.2958974358974356
2.87047619047619
0.24256410256410255
1.701172161172161
3.2669597069597067
1.1225641025641024
0.47626373626373625
2.9704029304029302
2.253992673992674
0.0
2.3136263736263736
3.0485714285714285
0.25465201465201465
1.2926007326007325
3.3
0.9702564102564102
0.5834432234432234
3.1227106227106227
1.9243956043956043
0.0
2.2902564102564105
2.5956776556776555
0.36344322344322344
1.476336996336996
3.3
1.1419047619047618
0.4142124542124542
3.063076923076923
2.211282051282051
0.0
2.257216117216117
2.98007326007326
0.18937728937728937
1.2676190476190474
3.3
1.0645421245421245
0.31670329670329667
3.017948717948718
2.0428571428571427
0.10959706959706958
2.1911355311355307
3.1065934065934067
0.35619047619047617
1.2015384615384617
3.3
1.0443956043956044
0.2868864468864469
3.1098168498168497
1.975164835164835
0.0
2.3668131868131868
