3.038901098901099
3.2516483516483516
3.3
3.258095238095238
2.996996336996337
2.5505494505494504
2.1685714285714286
1.4956776556776554
1.1386813186813185
0.9799267399267398
0.2610989010989011
0.13619047619047617
0.0
0.14344322344322344
0.4746520146520146
0.5254212454212454
1.2305494505494503
1.846227106227106
2.124249084249084
2.582783882783883
2.901098901098901
3.2548717948717947
3.3
3.1307692307692307
3.013113553113553
2.6520879120879117
2.1274725274725275
1.7285714285714286
1.0443956043956044
0.6906227106227106
0.3763369963369963
0.0
0.041098901098901096
0.10395604395604395
0.24256410256410255
0.7994139194139194
1.1693040293040293
1.6786080586080585
2.3023443223443225
2.586813186813187
3.071135531135531
3.2508424908424907
3.158974358974359
3.3
2.8293772893772893
2.465128205128205
2.258021978021978
1.5077655677655677
1.1604395604395605
0.7196336996336995
0.1805128205128205
0.08783882783882783
0.0
0.13619047619047617
0.47706959706959706
0.738168498168498
1.323223443223443
1.585128205128205
2.116996336996337
2.8712820512820514
3.0364835164835164
3.2452014652014647
3.3
3.1807326007326004
3.0308424908424905
2.5424908424908423
2.084761904761905
1.6826373626373625
1.041978021978022
0.7389743589743589
0.27802197802197803
0.1547252747252747
0.06366300366300366
0.11282051282051282
0.22483516483516483
0.9178754578754579
1.1499633699633698
1.747912087912088
2.307179487179487
2.5424908424908423
3.0936996336996336
3.2315018315018316
3.2854945054945053
3.2677655677655677
2.8027838827838827
2.6456410256410257
2.1750183150183147
1.5351648351648353
1.1709157509157508
0.6575824175824175
0.21355311355311354
0.10959706959706958
0.0
0.17003663003663003
0.3497435897435897
0.7043223443223443
1.361904761904762
1.7366300366300367
2.1975824175824177
2.7544322344322345
2.9470329670329667
3.3
3.3
3.1356043956043953
2.8019780219780217
2.5553846153846154
2.0460805860805857
1.7124542124542124
1.029084249084249
0.8163369963369963
0.41340659340659336
0.0
0.08058608058608059
0.06366300366300366
0.4061538461538461
0.8082783882783882
1.2071794871794872
1.7769230769230768
2.2701098901098904
2.65047619047619
3.1436630036630033
3.1887912087912085
3.248424908424908
3.2516483516483516
2.788278388278388
2.5505494505494504
2.1935531135531137
1.6697435897435897
1.1612454212454213
0.4714285714285714
0.2482051282051282
0.20952380952380953
0.0
0.13054945054945055
0.249010989010989
0.6720879120879121
1.3627106227106225
1.7019780219780218
2.1911355311355307
2.8116483516483513
3.287106227106227
3.3
3.3
3.1396336996336993
3.0663003663003665
2.59003663003663
2.0638095238095238
1.6278388278388278
1.0403663003663004
0.7558974358974359
0.32879120879120877
0.0
0.04351648351648351
0.0967032967032967
0.4504761904761904
0.8203663003663003
1.1265934065934065
1.73018315018315
2.2934798534798535
2.842271062271062
3.121098901098901
3.1194871794871792
3.167032967032967
3.3
2.7326739926739925
2.6375824175824176
2.10007326007326
1.2813186813186814
1.1499633699633698
0.9581684981684981
0.2731868131868132
0.25384615384615383
0.12007326007326007
0.1772893772893773
0.3868131868131868
0.805054945054945
1.3256410256410256
1.7495238095238093
2.2088644688644687
2.7810256410256406
2.874505494505494
3.3
3.3
3.1372161172161173
3.038901098901099
2.606959706959707
1.9429304029304026
1.7946520146520146
1.0097435897435896
0.635018315018315
0.3432967032967033
0.0
0.1104029304029304
0.07494505494505493
0.37150183150183147
0.9098168498168497
1.1370695970695972
1.8687912087912089
2.2846153846153845
2.604542124542124
3.113040293040293
3.1613919413919414
3.3
3.296776556776557
2.602124542124542
2.6601465201465198
2.0936263736263734
1.5166300366300365
1.1265934065934065
0.6043956043956044
0.14666666666666667
0.08622710622710622
0.0
0.1394139194139194
0.3602197802197802
0.6285714285714286
1.353846153846154
1.7068131868131868
2.195970695970696
2.6698168498168497
2.98007326007326
3.2532600732600727
3.3
3.1347985347985348
3.038095238095238
2.497362637362637
2.238681318681319
1.6786080586080585
0.9186813186813186
0.7494505494505495
0.36344322344322344
0.019340659340659337
0.0
0.10798534798534798
0.2715750915750916
0.9315750915750916
1.2466666666666666
1.7624175824175823
2.277362637362637
2.562637362637363
3.1404395604395603
3.2258608058608056
3.2750183150183148
3.3
2.882564102564102
2.5392673992673993
2.0944322344322344
1.5601465201465199
1.112893772893773
0.5898901098901098
0.2063003663003663
0.1104029304029304
0.0
0.18937728937728937
0.4021245421245421
0.7631501831501831
1.4336263736263737
1.8204395604395605
2.2120879120879122
2.7778021978021976
2.999413919413919
3.3
3.3
3.138021978021978
2.9986080586080583
2.501391941391941
2.1492307692307695
1.6544322344322344
0.9791208791208791
0.647106227106227
0.3021978021978022
0.0
0.0
0.07816849816849816
0.15311355311355312
0.8235897435897436
0.9025641025641026
1.735018315018315
2.307179487179487
2.6673992673992672
3.1259340659340658
3.154945054945055
3.2838827838827838
3.3
2.9059340659340656
2.5457142857142854
2.19032967032967
1.41992673992674
1.1604395604395605
0.5165567765567765
0.3215384615384615
0.09428571428571428
0.0008058608058608059
0.1829304029304029
0.4706227106227106
0.651135531135531
1.245054945054945
1.9679120879120877
2.2394871794871793
2.7665201465201466
3.073553113553113
3.2016849816849815
3.3
3.138827838827839
2.9156043956043955
2.4925274725274726
2.025128205128205
1.6761904761904762
1.0105494505494506
0.5197802197802198
0.3183150183150183
0.0
0.2683516483516483
0.11362637362637361
0.17245421245421244
0.8606593406593406
1.3006593406593405
1.8325274725274725
2.3716483516483517
2.723003663003663
3.248424908424908
3.2516483516483516
3.1557509157509154
3.274212454212454
2.909157509157509
2.566666666666667
2.1709890109890106
1.8204395604395605
1.1394871794871795
0.5761904761904761
0.0
0.20146520146520147
0.0
0.05802197802197802
0.469010989010989
0.6994871794871794
1.2136263736263737
1.983223443223443
2.1548717948717946
2.73992673992674
2.9736263736263737
3.2226373626373626
3.3
3.206520146520146
3.0123076923076924
2.6794871794871793
2.0243223443223446
1.6197802197802198
1.037142857142857
0.5101098901098902
0.4746520146520146
0.0
0.07494505494505493
0.21516483516483514
0.38278388278388276
0.9082051282051282
1.2386080586080586
1.6536263736263734
2.344249084249084
2.6254945054945056
3.0920879120879117
3.3
3.2903296703296703
3.2613186813186807
2.916410256410256
2.536043956043956
2.1097435897435894
1.477142857142857
1.1
0.7478388278388277
0.3545787545787546
0.1386080586080586
0.0
0.041098901098901096
0.7043223443223443
0.680952380952381
1.2974358974358975
1.8865201465201464
2.1975824175824177
2.735091575091575
3.071135531135531
3.2186080586080585
3.3
3.1227106227106227
2.876117216117216
2.616630036630036
1.9517948717948717
1.5915750915750915
1.0516483516483517
0.4512820512820513
0.3489377289377289
0.08783882783882783
0.0
0.20952380952380953
0.46417582417582415
0.6865934065934066
1.361098901098901
1.9622710622710622
2.3095970695970696
2.8285714285714287
3.0227838827838824
3.3
3.174285714285714
3.2186080586080585
2.8285714285714287
2.461904761904762
2.1315018315018315
1.5367765567765566
1.0234432234432234
0.5439560439560439
0.22725274725274722
0.15633699633699633
0.0
0.055604395604395604
0.4706227106227106
0.8324542124542124
1.1805860805860806
1.8333333333333333
2.1975824175824177
2.9550915750915747
3.085641025641025
3.1227106227106227
3.3
3.1936263736263735
2.792307692307692
2.5473260073260073
2.0460805860805857
1.7334065934065932
1.1330402930402932
0.3376556776556776
0.2675457875457875
0.0
0.0
0.21194139194139194
0.3964835164835165
0.6882051282051281
1.2684249084249084
1.7293772893772892
2.3007326007326006
2.702051282051282
2.9784615384615383
3.3
3.1194871794871792
3.1275457875457873
2.984102564102564
2.564249084249084
2.1726007326007326
1.627032967032967
1.0234432234432234
0.6068131868131869
0.21435897435897436
0.0
0.14263736263736265
0.09509157509157509
0.3747252747252747
0.8082783882783882
1.1193406593406594
1.8454212454212455
2.2838095238095235
2.5457142857142854
3.103369963369963
3.1476923076923073
3.3
3.237948717948718
2.9397802197802196
2.568278388278388
2.084761904761905
1.3876923076923076
1.058095238095238
0.5133333333333333
0.3368498168498168
0.14827838827838827
0.0
0.2071062271062271
0.8115018315018315
0.7131868131868132
1.3369230769230769
1.5617582417582416
2.2894505494505495
2.913186813186813
2.896263736263736
3.3
3.3
3.1154578754578752
2.9808791208791208
2.386153846153846
2.0178754578754576
1.6882783882783883
1.0016849816849815
0.523003663003663
0.3255677655677655
0.010476190476190476
0.21516483516483514
0.12168498168498168
0.24578754578754577
0.9452747252747252
1.1733333333333333
1.8268864468864467
2.3015384615384615
2.4715750915750916
3.0767765567765566
3.1807326007326004
2.984102564102564
3.3
2.864835164835165
2.5537728937728934
2.019487179487179
1.4223443223443224
1.099194139194139
0.6736996336996336
0.1241025641025641
0.18937728937728937
0.0
0.19904761904761903
0.5487912087912087
0.7325274725274725
1.1193406593406594
1.4465201465201465
2.187912087912088
2.8575824175824174
2.9188278388278386
3.3
3.3
3.113040293040293
2.882564102564102
2.291062271062271
2.0694505494505493
1.5142124542124542
0.9944322344322344
0.6495238095238095
0.28124542124542123
0.0
0.051575091575091575
0.0854212454212454
0.2852747252747253
0.8268131868131867
1.124981684981685
1.8309157509157508
2.378095238095238
2.6279120879120876
3.1484981684981683
3.1484981684981683
3.2258608058608056
3.2629304029304027
2.872893772893773
2.5634432234432234
2.125860805860806
1.4207326007326007
1.0903296703296703
0.6035897435897436
0.1515018315018315
0.12732600732600732
0.06043956043956044
0.1515018315018315
0.4657875457875458
0.7446153846153846
1.49003663003663
1.6906959706959706
2.2483516483516484
2.6714285714285713
2.9099633699633696
3.2113553113553115
3.3
3.138021978021978
2.8164835164835167
2.491721611721611
1.7583882783882783
1.5657875457875456
0.9952380952380953
0.44805860805860803
0.1515018315018315
0.0
0.05318681318681318
0.19985347985347984
0.469010989010989
0.863076923076923
1.1693040293040293
1.4304029304029304
2.548937728937729
2.6706227106227103
3.0195604395604394
3.3
3.057435897435897
3.2548717948717947
3.013113553113553
2.4715750915750916
2.133113553113553
1.4755311355311354
1.0774358974358973
0.6898168498168498
0.11443223443223442
0.14263736263736265
0.13538461538461538
0.04835164835164835
0.4577289377289377
0.7575091575091575
1.245054945054945
1.8567032967032966
2.2008058608058607
2.8906227106227105
3.0227838827838824
3.2194139194139195
3.3
3.1613919413919414
2.8164835164835167
2.5876190476190475
1.909084249084249
1.6334798534798534
1.0637362637362637
0.39567765567765567
0.3843956043956044
0.0
0.12893772893772895
0.23208791208791207
0.3336263736263736
0.8308424908424907
1.2909890109890108
1.7076190476190476
2.3539194139194137
2.638388278388278
3.073553113553113
3.2637362637362637
3.2613186813186807
3.256483516483516
2.727032967032967
2.415970695970696
2.1476190476190475
1.3240293040293039
1.0774358974358973
0.639047619047619
0.21274725274725273
0.0967032967032967
0.0
0.10315018315018315
0.44805860805860803
0.8558241758241758
1.1709157509157508
1.7817582417582416
2.2169230769230768
2.8180952380952378
3.138827838827839
3.174285714285714
3.3
3.1444688644688643
2.7786080586080586
2.598901098901099
2.0307692307692307
1.6109157509157508
1.0258608058608059
0.5012454212454213
0.36827838827838827
0.0
0.0684981684981685
0.19098901098901097
0.37150183150183147
0.8679120879120878
1.3627106227106225
1.249084249084249
2.3337728937728937
2.6698168498168497
3.029230769230769
3.2234432234432235
3.283076923076923
3.2339194139194136
2.848717948717949
2.4707692307692306
2.086373626373626
1.4698901098901098
1.0637362637362637
0.6068131868131869
0.20065934065934063
0.0
0.0
0.0684981684981685
0.4343589743589743
0.659194139194139
1.2627838827838826
1.8293040293040292
2.2644688644688644
2.851135531135531
3.005054945054945
3.232307692307692
3.3
3.138021978021978
2.8793406593406594
2.5956776556776555
2.0734798534798533
1.5706227106227106
1.0145787545787546
0.4383882783882783
0.29736263736263735
0.0
0.0
0.2063003663003663
0.27238095238095233
0.8389010989010989
1.2426373626373626
1.6463736263736264
2.339413919413919
2.733479853479853
3.067106227106227
3.2838827838827838
3.2290842490842486
3.27018315018315
2.9857142857142858
2.5199267399267398
2.146007326007326
1.5577289377289376
1.0081318681318683
0.7583150183150182
0.2482051282051282
0.0967032967032967
0.0016117216117216117
0.09831501831501831
0.4319413919413919
0.8042490842490841
1.4368498168498167
2.2201465201465203
2.1935531135531137
2.609377289377289
3.1356043956043953
3.1992673992673994
3.3
3.1347985347985348
2.9156043956043955
2.540879120879121
2.0162637362637366
1.4779487179487178
1.0532600732600732
0.435970695970696
0.3175091575091575
0.0
0.1772893772893773
0.21677655677655677
0.33926739926739924
0.8195604395604396
1.2845421245421245
1.7446886446886447
2.3007326007326006
2.6867399267399263
3.0517948717948715
3.3
3.1347985347985348
3.2226373626373626
2.7084981684981684
2.2064468864468862
2.178241758241758
1.4594139194139193
0.9984615384615384
1.1161172161172161
0.1087912087912088
0.024175824175824177
0.11765567765567765
0.05641025641025641
0.49076923076923074
0.7558974358974359
1.298241758241758
1.90989010989011
2.2556043956043954
2.755238095238095
3.1372161172161173
3.1533333333333333
3.3
3.138827838827839
2.85032967032967
2.6649816849816848
2.062197802197802
1.7704761904761903
1.0315018315018316
0.24336996336996336
0.3989010989010989
0.0419047619047619
0.30058608058608055
0.21597069597069596
0.5882783882783883
0.8598534798534798
1.4046153846153846
1.7962637362637361
2.332967032967033
2.763296703296703
3.0195604395604394
3.3
3.138021978021978
3.183956043956044
3.0324542124542124
2.4925274725274726
2.0573626373626372
1.4497435897435897
0.954945054945055
0.8961172161172161
0.22241758241758242
0.19582417582417583
0.10959706959706958
0.03706959706959707
0.47868131868131863
0.73010989010989
1.1451282051282052
1.8816849816849817
2.2523809523809524
2.6649816849816848
3.1001465201465197
3.1444688644688643
3.3
3.1968498168498165
2.85032967032967
2.6827106227106223
1.988058608058608
1.6125274725274723
1.0637362637362637
0.5689377289377289
0.31589743589743585
0.15714285714285714
0.027399267399267395
0.21516483516483514
0.7293040293040293
0.7309157509157509
1.2684249084249084
1.7527472527472527
2.2878388278388275
2.7068864468864464
2.916410256410256
3.3
3.232307692307692
3.1452747252747253
2.98007326007326
2.473186813186813
1.9799999999999998
1.4980952380952381
0.9057875457875457
0.5504029304029304
0.16117216117216118
0.0
0.06608058608058608
0.06043956043956044
0.4625641025641025
0.7760439560439559
1.2603663003663004
1.9558241758241757
2.3136263736263736
2.8068131868131867
3.1186813186813187
3.1968498168498165
3.3
3.2306959706959706
2.7745787545787546
2.552161172161172
1.9235897435897436
1.4658608058608058
1.0967765567765568
0.5528205128205127
0.3312087912087912
0.13135531135531134
0.0
0.2578754578754579
0.3618315018315018
0.7284981684981685
1.3546520146520145
1.8357509157509158
2.2169230769230768
2.87047619047619
2.9784615384615383
3.1493040293040293
3.3
3.0969230769230767
2.9961904761904763
2.5416849816849814
2.0106227106227106
1.5746520146520147
0.9299633699633699
0.5624908424908425
0.21355311355311354
0.0
0.0
0.10395604395604395
0.38036630036630037
0.8928937728937728
1.2273260073260073
1.8679853479853479
2.386153846153846
2.838241758241758
2.7745787545787546
3.254065934065934
3.2838827838827838
3.2452014652014647
2.9470329670329667
2.4546520146520145
2.1073260073260074
1.5174358974358972
1.0717948717948718
0.6704761904761904
0.19985347985347984
0.008864468864468863
0.0
0.09831501831501831
0.4682051282051282
0.7333333333333333
1.303076923076923
1.8518681318681318
2.237875457875458
2.787472527472527
3.187179487179487
3.187179487179487
3.3
3.1517216117216114
2.8454945054945053
2.5658608058608054
1.9453479853479854
1.5545054945054944
1.0008791208791208
0.4472527472527473
0.27641025641025635
0.0967032967032967
0.0
0.23208791208791207
0.4126007326007326
0.8977289377289377
1.2853479853479854
1.838168498168498
2.411941391941392
2.722197802197802
3.0485714285714285
3.3
3.3
3.187179487179487
2.7786080586080586
2.465934065934066
1.892967032967033
1.5198534798534797
0.8791941391941391
0.6261538461538462
0.2063003663003663
0.0
0.08300366300366299
0.06043956043956044
0.5536263736263736
0.8316483516483516
1.2547252747252746
1.8873260073260072
2.3087912087912086
2.7705494505494506
3.1936263736263735
3.3
3.3
3.216190476190476
2.839047619047619
2.5586080586080584
2.009010989010989
1.5061538461538462
1.095970695970696
0.48432234432234433
0.34410256410256407
0.1345787545787546
0.0709157509157509
0.21516483516483514
0.41018315018315016
0.7881318681318681
1.4553846153846153
1.7317948717948717
2.3160439560439556
2.8906227106227105
3.142051282051282
3.3
3.3
3.0928937728937727
2.929304029304029
2.4312820512820514
2.136336996336996
1.5947985347985347
0.938021978021978
0.6454945054945054
0.24739926739926738
0.0
0.13296703296703297
0.09106227106227106
0.3416849816849816
0.8509890109890109
1.095164835164835
1.8438095238095238
2.4127472527472524
2.5997069597069595
3.138021978021978
3.1807326007326004
3.1936263736263735
3.2516483516483516
2.6794871794871793
2.4385347985347985
2.0831501831501833
1.4747252747252748
1.0983882783882783
0.585054945054945
0.19985347985347984
0.2328937728937729
0.0
0.136996336996337
0.4432234432234432
0.7567032967032966
1.2353846153846153
1.8639560439560439
2.2282051282051283
2.5795604395604395
2.86
3.3
3.3
3.067106227106227
2.8245421245421247
2.5594139194139194
1.9816117216117215
1.5061538461538462
0.9879853479853479
0.6414652014652014
0.33926739926739924
0.0
0.16036630036630034
0.22402930402930402
0.4295238095238095
0.8896703296703297
1.3514285714285712
1.6117216117216118
2.3120146520146516
2.7939194139194137
3.003443223443223
3.3
3.287106227106227
3.19040293040293
2.992967032967033
2.411941391941392
2.0541391941391938
1.4658608058608058
0.9557509157509156
0.7808791208791208
0.11201465201465201
0.006446886446886447
0.044322344322344324
0.12490842490842491
0.4673992673992674
0.8227838827838827
1.2627838827838826
1.8945787545787545
2.2838095238095235
2.8003663003663
3.158168498168498
3.1992673992673994
3.3
3.1613919413919414
2.8857875457875455
2.5255677655677653
1.9719413919413917
1.443296703296703
1.1080586080586081
0.5439560439560439
0.21919413919413916
0.0
0.0
0.20952380952380953
0.25868131868131866
0.8252014652014652
1.311135531135531
1.7994871794871794
2.3458608058608057
2.8197069597069593
3.021978021978022
3.3
3.2637362637362637
3.1098168498168497
2.7987545787545787
2.315238095238095
2.007399267399267
1.5238827838827838
0.9678388278388278
0.6922344322344322
0.21516483516483514
0.0
0.014505494505494505
0.09912087912087912
0.49076923076923074
0.8115018315018315
1.220879120879121
1.859120879120879
2.3418315018315017
2.7487912087912085
3.055018315018315
3.2838827838827838
3.241978021978022
3.2516483516483516
2.7778021978021976
2.5110622710622708
2.084761904761905
1.3296703296703296
1.0524542124542124
0.5439560439560439
0.14505494505494507
0.18857142857142856
0.0
0.1506959706959707
0.4738461538461538
0.7397802197802197
1.4030036630036629
1.8784615384615382
2.265274725274725
2.8712820512820514
3.021978021978022
3.3
3.2685714285714282
3.1162637362637358
2.789084249084249
2.552967032967033
1.955018315018315
1.5295238095238095
0.9267399267399268
0.4964102564102564
0.30461538461538457
0.0
0.047545787545787546
0.12652014652014654
0.40857142857142853
0.8848351648351648
1.3627106227106225
1.8857142857142857
2.4264468864468864
2.6682051282051282
3.1227106227106227
3.057435897435897
3.269377289377289
3.2387545787545786
3.045347985347985
2.4667399267399266
2.0992673992673994
1.386080586080586
0.9847619047619047
0.16278388278388276
0.19663003663003661
0.09267399267399268
0.0
0.11604395604395604
0.5544322344322344
0.7800732600732599
1.2845421245421245
1.88007326007326
2.2676923076923075
2.892234432234432
2.996996336996337
3.2194139194139195
3.3
3.142051282051282
2.8180952380952378
2.5118681318681313
2.012234432234432
1.5996336996336997
1.058095238095238
0.6463003663003662
0.2772161172161172
0.0
0.1281318681318681
0.25868131868131866
0.4263003663003663
0.9065934065934066
1.361904761904762
1.6463736263736264
2.3120146520146516
2.8003663003663
3.0147252747252744
3.269377289377289
3.2677655677655677
3.15010989010989
2.855164835164835
2.432087912087912
1.9928937728937728
1.345787545787546
0.8953113553113552
0.7695970695970696
0.2216117216117216
0.0
0.009670329670329669
0.10315018315018315
0.5068864468864468
0.9315750915750916
1.3175824175824176
1.9703296703296704
2.3539194139194137
2.7423443223443225
3.1646153846153844
3.00989010989011
3.3
3.1912087912087914
2.605347985347985
2.5594139194139194
2.011428571428571
1.332087912087912
1.0186080586080586
0.46659340659340653
0.28446886446886444
0.13216117216117215
0.0
0.2232234432234432
0.5624908424908425
0.7567032967032966
1.4843956043956044
1.772087912087912
2.299120879120879
2.784249084249084
3.062271062271062
3.296776556776557
3.046153846153846
3.061465201465201
2.9454212454212456
2.468351648351648
2.017069597069597
1.5754578754578754
0.9573626373626373
0.48432234432234433
0.20065934065934063
0.07252747252747253
0.28205128205128205
0.1378021978021978
0.0
0.8735531135531135
1.4094505494505494
1.8978021978021977
2.42
2.5779487179487175
2.9059340659340656
3.3
3.171062271062271
3.216190476190476
2.8156776556776553
2.544102564102564
2.0299633699633697
1.41992673992674
1.075018315018315
0.7164102564102564
0.17164835164835165
0.006446886446886447
0.13377289377289375
0.10798534798534798
0.5197802197802198
0.8106959706959707
1.2273260073260073
1.76
2.250769230769231
2.8535531135531134
3.058241758241758
3.113040293040293
3.3
3.0961172161172157
2.826153846153846
2.616630036630036
1.8615384615384616
1.4916483516483514
0.9283516483516483
0.5697435897435897
0.4343589743589743
0.0
0.09750915750915749
0.22
0.6124542124542125
0.9597802197802198
1.3949450549450548
1.888937728937729
2.41032967032967
2.6867399267399263
3.1098168498168497
3.3
3.1525274725274723
3.198461538461538
2.979267399267399
2.476410256410256
2.0912087912087913
1.5238827838827838
0.8872527472527472
0.4577289377289377
0.16923076923076924
0.04835164835164835
0.25465201465201465
0.08703296703296702
0.303003663003663
0.7575091575091575
1.3989743589743588
1.9018315018315017
2.2523809523809524
2.755238095238095
3.3
3.1291575091575092
3.163003663003663
3.2178021978021976
2.7286446886446885
2.589230769230769
1.8317216117216117
1.5166300366300365
1.0548717948717947
0.5173626373626373
0.20146520146520147
0.047545787545787546
0.0
0.21597069597069596
0.43274725274725273
0.7558974358974359
1.4263736263736264
1.8284981684981685
2.3603663003663002
3.042124542124542
3.0316483516483514
3.3
3.3
3.1001465201465197
2.916410256410256
2.456263736263736
1.9558241758241757
1.5520879120879119
0.9073992673992674
0.6382417582417582
0.3344322344322344
0.0
0.04835164835164835
0.13538461538461538
0.43274725274725273
0.9146520146520146
1.2297435897435898
1.8913553113553112
2.3805128205128203
2.7697435897435896
3.1291575091575092
3.3
3.3
3.2435897435897436
2.7850549450549447
2.570695970695971
2.078315018315018
1.3006593406593405
1.0798534798534798
0.369084249084249
0.14263736263736265
0.06769230769230769
0.07413919413919413
0.1668131868131868
0.4383882783882783
0.7623443223443223
1.3272527472527471
1.8615384615384616
2.253186813186813
2.8906227106227105
3.1613919413919414
3.2387545787545786
3.3
3.054212454212454
3.0904761904761906
2.5126739926739927
1.7753113553113553
1.5996336996336997
0.9090109890109889
0.3876190476190476
0.2522344322344322
0.03545787545787545
0.06043956043956044
0.25465201465201465
0.5898901098901098
0.9364102564102564
1.3546520146520145
1.8268864468864467
2.4449816849816846
2.7125274725274724
3.0888644688644686
3.3
3.1597802197802194
3.1259340659340658
2.8906227106227105
2.3893772893772893
1.9526007326007324
1.5351648351648353
0.8961172161172161
0.6978754578754578
0.18695970695970693
0.0
0.09428571428571428
0.04996336996336996
0.7857142857142857
1.1306227106227105
1.4054212454212454
1.9526007326007324
2.315238095238095
2.6117948717948716
3.1227106227106227
3.2315018315018316
3.1952380952380954
3.1654212454212454
2.776190476190476
2.6738461538461538
1.9816117216117215
1.4747252747252748
1.0323076923076924
0.7107692307692307
0.19743589743589743
0.17890109890109887
0.0
0.19098901098901097
0.33926739926739924
0.7760439560439559
1.4142857142857144
1.7382417582417582
2.386153846153846
2.876117216117216
3.0066666666666664
3.3
3.3
3.1267399267399267
2.7987545787545787
2.37970695970696
2.0227106227106226
1.4457142857142857
0.8945054945054945
0.5415384615384615
0.14263736263736265
0.08864468864468865
0.09992673992673992
0.14102564102564102
0.25545787545787546
0.9565567765567765
1.1564102564102565
1.7954578754578754
2.4224175824175824
2.726227106227106
3.1887912087912085
3.2903296703296703
3.266153846153846
3.2306959706959706
2.7286446886446885
2.4353113553113555
2.0162637362637366
1.3989743589743588
1.0169963369963368
0.4577289377289377
0.1676190476190476
0.19501831501831499
0.0
0.12490842490842491
0.5407326007326007
0.8147252747252747
1.439267399267399
1.9042490842490842
2.3087912087912086
2.848717948717949
3.142051282051282
3.1291575091575092
3.3
3.1009523809523807
3.0598534798534796
2.4909157509157507
1.9928937728937728
1.5609523809523809
0.9307692307692308
0.5923076923076923
0.2594871794871795
0.0
0.10717948717948718
0.26593406593406593
0.2796336996336996
0.9025641025641026
1.2482783882783883
1.6544322344322344
2.453846153846154
2.8197069597069593
3.0679120879120876
3.3
3.2290842490842486
3.248424908424908
2.854358974358974
2.2717216117216115
2.1057142857142854
1.4529670329670328
0.9001465201465201
0.6761172161172161
0.09025641025641025
0.17164835164835165
0.12168498168498168
0.11120879120879121
0.4005128205128205
0.8509890109890109
1.294212454212454
1.9429304029304026
2.316849816849817
2.735897435897436
3.204102564102564
3.103369963369963
3.3
3.1767032967032964
2.755238095238095
2.544908424908425
1.9517948717948717
1.3353113553113551
1.0161904761904763
0.527032967032967
0.2651282051282051
0.0
0.0
0.22805860805860806
0.3199267399267399
0.7978021978021979
1.3917216117216116
1.7172893772893771
2.3845421245421243
2.7898901098901097
3.1065934065934067
3.3
3.296776556776557
3.113040293040293
2.94058608058608
2.3853479853479853
1.9799999999999998
1.5045421245421244
0.8558241758241758
0.5254212454212454
0.20871794871794871
0.0
0.0
0.10315018315018315
0.5407326007326007
0.9678388278388278
1.2877655677655677
1.7954578754578754
2.374871794871795
2.65047619047619
3.2371428571428567
3.248424908424908
3.3
3.232307692307692
2.763296703296703
2.5344322344322343
2.003369963369963
1.3199999999999998
1.120952380952381
0.47706959706959706
0.11523809523809524
0.09912087912087912
0.0
0.19179487179487179
0.4577289377289377
1.0161904761904763
1.4473260073260072
1.7688644688644688
2.2717216117216115
2.866446886446886
3.055018315018315
3.2258608058608056
3.3
3.087252747252747
2.9156043956043955
2.49010989010989
1.926007326007326
1.4142857142857144
0.9605860805860805
0.5141391941391942
0.25384615384615383
0.03062271062271062
0.11443223443223442
0.1934065934065934
0.3924542124542124
0.8324542124542124
1.3627106227106225
1.8204395604395605
2.452234432234432
2.651282051282051
3.0961172161172157
3.3
3.2806593406593403
3.2129670329670326
2.928498168498168
2.331355311355311
1.999340659340659
1.1604395604395605
0.8985347985347986
0.5552380952380952
0.16197802197802197
0.06205128205128205
0.136996336996337
0.09106227106227106
0.49238095238095236
0.7647619047619048
1.2926007326007325
1.8623443223443221
2.312820512820513
2.8277655677655673
3.1227106227106227
3.2315018315018316
3.3
3.1928205128205125
2.6577289377289377
2.4909157509157507
1.9469597069597069
1.282124542124542
1.037142857142857
0.5246153846153846
0.3618315018315018
0.13619047619047617
0.022564102564102562
0.2369230769230769
0.42146520146520144
0.8356776556776556
1.435238095238095
1.926007326007326
2.347472527472527
2.90029304029304
3.057435897435897
3.3
3.3
3.053406593406593
2.9115750915750915
2.436117216117216
1.9679120879120877
1.6076923076923078
0.8437362637362638
0.5616849816849817
0.20146520146520147
0.03545787545787545
0.17567765567765567
0.11443223443223442
0.4142124542124542
0.9235164835164834
1.3272527472527471
1.9405128205128204
2.4353113553113555
2.784249084249084
3.1613919413919414
3.2806593406593403
3.248424908424908
3.186373626373626
2.889010989010989
2.4570695970695966
2.1057142857142854
1.274065934065934
1.004102564102564
0.3771428571428571
0.1418315018315018
0.1232967032967033
0.0
0.13538461538461538
0.6632234432234432
0.9033699633699633
1.357069597069597
1.9453479853479854
2.3136263736263736
2.7423443223443225
3.128351648351648
3.3
3.3
3.0904761904761906
2.946227106227106
2.5070329670329667
1.8236630036630035
1.4505494505494505
0.9138461538461538
0.6720879120879121
0.2909157509157509
0.0
0.13135531135531134
0.2675457875457875
0.4343589743589743
0.8574358974358974
1.345787545787546
1.8043223443223442
2.4667399267399266
2.916410256410256
3.0679120879120876
3.3
3.19040293040293
3.1807326007326004
2.9647619047619047
2.3200732600732596
1.8752380952380951
1.3328937728937729
0.8614652014652014
0.601978021978022
0.22886446886446885
0.0
0.11523809523809524
0.1241025641025641
0.3183150183150183
0.7478388278388277
1.2917948717948717
1.9316483516483516
2.3595604395604393
2.7649084249084246
3.2194139194139195
3.26051282051282
3.3
3.232307692307692
2.874505494505494
2.4707692307692306
1.9622710622710622
1.278095238095238
1.0306959706959706
0.3263736263736264
0.0
0.21355311355311354
0.05963369963369963
0.18534798534798536
0.4569230769230769
0.7687912087912088
1.2853479853479854
1.6979487179487178
2.3216849816849816
2.987326007326007
3.0002197802197803
3.2178021978021976
3.3
3.079194139194139
2.9438095238095237
2.4312820512820514
1.8953846153846152
1.5085714285714285
0.8671062271062271
0.5068864468864468
0.19098901098901097
0.0
0.05238095238095238
0.24095238095238095
0.2876923076923077
1.1676923076923076
1.353846153846154
1.8978021978021977
2.448205128205128
2.5223443223443223
3.287106227106227
3.3
3.2879120879120878
3.2097435897435895
2.8712820512820514
2.4216117216117214
2.0202930402930406
1.302271062271062
0.9533333333333333
0.5439560439560439
0.17567765567765567
0.08945054945054944
0.0
0.13054945054945055
0.7075457875457875
0.8493772893772893
1.4803663003663001
2.087985347985348
2.345054945054945
2.842271062271062
3.1452747252747253
3.187179487179487
3.3
3.0936996336996336
2.585201465201465
2.4989743589743587
1.7809523809523808
1.439267399267399
0.929157509157509
0.39003663003662997
0.29010989010989013
0.0
0.05238095238095238
0.2570695970695971
0.47545787545787543
0.958974358974359
1.4827838827838828
1.8156043956043955
2.4490109890109886
2.7383150183150184
3.0485714285714285
3.3
3.1734798534798534
3.183150183150183
2.9019047619047615
2.465128205128205
2.0065934065934066
1.5722344322344322
0.892087912087912
0.552014652014652
0.14908424908424908
0.0
0.2683516483516483
0.11362637362637361
0.3868131868131868
0.9928205128205128
1.344981684981685
1.8623443223443221
2.3426373626373627
2.731868131868132
3.142051282051282
3.3
3.1517216117216114
3.179120879120879
2.768131868131868
2.5634432234432234
1.9235897435897436
1.3296703296703296
0.9775091575091575
0.3175091575091575
0.2635164835164835
0.23772893772893772
0.0
0.23611721611721612
0.39567765567765567
0.7575091575091575
1.5174358974358972
1.7978754578754577
2.3684249084249083
2.971208791208791
3.0743589743589745
3.2822710622710622
3.0066666666666664
3.057435897435897
2.946227106227106
2.473992673992674
1.999340659340659
1.4465201465201465
0.826007326007326
0.4585347985347985
0.28205128205128205
0.1676190476190476
0.12249084249084248
0.2232234432234432
0.41904761904761906
0.9912087912087912
1.302271062271062
1.9429304029304026
2.48043956043956
2.659340659340659
3.1517216117216114
3.3
3.3
3.2306959706959706
2.9156043956043955
2.3708424908424908
2.0944322344322344
1.2893772893772895
0.9194871794871794
0.41501831501831504
0.13538461538461538
0.2514285714285714
0.009670329670329669
0.11443223443223442
0.5028571428571428
0.8856410256410256
1.4207326007326007
2.0106227106227106
2.3257142857142856
2.803589743589743
3.2387545787545786
3.256483516483516
3.3
3.1219047619047617
2.7044688644688644
2.4586813186813186
2.084761904761905
1.345787545787546
1.0121611721611723
0.32395604395604394
0.2482051282051282
0.08058608058608059
0.0
0.2627106227106227
0.539120879120879
0.6293772893772893
1.5303296703296703
2.009010989010989
2.402271062271062
2.913186813186813
2.9470329670329667
3.3
3.269377289377289
3.071135531135531
2.9067399267399265
2.3095970695970696
1.9066666666666665
1.6681318681318682
0.8687179487179486
0.5786080586080586
0.3134798534798534
0.0
0.08703296703296702
0.14263736263736265
0.5028571428571428
1.0202197802197803
1.382051282051282
1.8679853479853479
2.437728937728938
2.7608791208791206
3.055018315018315
3.232307692307692
3.256483516483516
3.206520146520146
2.6738461538461538
2.3909890109890113
1.9526007326007324
1.4134798534798534
0.9742857142857142
0.5729670329670329
0.07494505494505493
0.24014652014652013
0.03626373626373627
0.11282051282051282
0.5431501831501832
0.8002197802197801
1.3756043956043955
2.017069597069597
2.335384615384615
2.9550915750915747
3.1452747252747253
3.3
3.3
3.0864468864468866
2.8164835164835167
2.6649816849816848
1.858315018315018
1.4497435897435897
1.0145787545787546
0.3336263736263736
0.3255677655677655
0.014505494505494505
0.0
0.2627106227106227
0.5632967032967032
0.892087912087912
1.510989010989011
1.7624175824175823
2.437728937728938
2.874505494505494
3.087252747252747
3.3
3.3
3.1291575091575092
2.874505494505494
2.335384615384615
1.926007326007326
1.4658608058608058
0.8348717948717949
0.5084981684981684
0.0
0.0
0.05802197802197802
0.1418315018315018
0.4432234432234432
0.992014652014652
1.1757509157509156
2.1186080586080585
2.4514285714285715
2.755238095238095
3.187179487179487
3.287106227106227
3.3
3.1968498168498165
2.9704029304029302
2.4006593406593404
1.9856410256410255
1.2539194139194136
0.9646153846153845
0.5117216117216117
0.12893772893772895
0.14424908424908423
0.0
0.15875457875457874
0.42065934065934063
0.7236630036630036
1.3917216117216116
2.0259340659340657
2.374871794871795
2.8632234432234434
3.2790476190476188
3.3
3.3
3.077582417582417
2.8938461538461535
2.5263736263736263
1.9413186813186813
1.4368498168498167
0.7695970695970696
0.6946520146520146
0.469010989010989
0.7228571428571429
0.6632234432234432
0.7663736263736263
0.8147252747252747
0.5874725274725274
0.8268131868131867
0.722051282051282
0.7212454212454212
0.7623443223443223
0.7446153846153846
0.8509890109890109
0.7567032967032966
0.7051282051282052
0.8284249084249083
0.8783882783882784
0.7736263736263737
0.8542124542124542
0.6463003663003662
0.8397069597069596
0.9887912087912087
0.7325274725274725
0.9646153846153845
0.8380952380952381
0.7518681318681317
0.7953846153846154
0.7720146520146519
0.8485714285714285
0.8977289377289377
0.8195604395604396
0.9597802197802198
0.9138461538461538
0.9146520146520146
0.9775091575091575
0.9025641025641026
0.8034432234432234
0.9791208791208791
0.9347985347985348
1.0387545787545787
0.938021978021978
0.8961172161172161
1.0145787545787546
0.8945054945054945
0.9686446886446887
1.0355311355311356
0.9057875457875457
0.9315750915750916
1.0169963369963368
0.9283516483516483
1.0919413919413918
0.9621978021978022
0.9404395604395605
1.0403663003663004
0.8558241758241758
1.0049084249084248
1.1427106227106225
0.8767765567765566
1.120952380952381
1.0387545787545787
0.8687179487179486
1.0129670329670328
0.9299633699633699
1.1362637362637362
1.062930402930403
0.8896703296703297
1.1241758241758242
1.0653479853479852
1.1096703296703296
1.2273260073260073
1.0758241758241758
1.0242490842490843
1.1564102564102565
0.9791208791208791
1.4594139194139193
1.116923076923077
1.1265934065934065
1.1967032967032967
1.3731868131868132
0.9718681318681318
1.1523809523809523
0.9912087912087912
1.1354578754578755
1.1354578754578755
1.0903296703296703
1.1483516483516483
1.1556043956043955
1.0452014652014652
0.929157509157509
1.0323076923076924
1.112893772893773
1.314358974358974
1.0806593406593408
1.1161172161172161
1.2176556776556777
1.1354578754578755
1.0798534798534798
1.1201465201465202
1.1660805860805858
1.2071794871794872
1.0726007326007327
1.3482051282051282
1.2418315018315016
0.7470329670329671
1.120952380952381
1.1652747252747253
1.0597069597069597
1.3046886446886445
1.203956043956044
1.361904761904762
1.3949450549450548
1.1821978021978021
1.2772893772893772
1.1515750915750915
1.2893772893772895
1.4142857142857144
1.1588278388278388
1.3095238095238095
1.49003663003663
1.2071794871794872
1.3248351648351648
1.1862271062271061
1.2418315018315016
1.3691575091575092
1.278095238095238
1.274065934065934
1.3683516483516482
1.2555311355311354
1.3965567765567766
1.3401465201465201
1.2547252747252746
1.4142857142857144
1.3046886446886445
1.361904761904762
1.4134798534798534
1.2482783882783883
1.1362637362637362
1.448131868131868
1.2917948717948717
1.4457142857142857
1.4078388278388276
1.4102564102564104
1.5303296703296703
1.2611721611721611
1.4739194139194138
1.6076923076923078
1.2232967032967033
1.4658608058608058
1.4384615384615385
1.44007326007326
1.4972893772893772
1.365128205128205
1.4013919413919413
1.6681318681318682
1.5408058608058606
1.207985347985348
1.4287912087912087
1.4328205128205127
1.6318681318681318
1.4843956043956044
1.4803663003663001
1.4513553113553113
1.4747252747252748
1.6173626373626373
1.5295238095238095
1.4972893772893772
1.5738461538461537
1.494871794871795
1.4336263736263737
1.6850549450549448
1.4634432234432233
1.6842490842490843
1.6334798534798534
1.3328937728937729
1.76
1.4843956043956044
1.472307692307692
1.6608791208791207
1.5754578754578754
1.577069597069597
1.6624908424908424
1.5593406593406594
1.7035897435897436
1.7132600732600731
1.6415384615384614
1.6979487179487178
1.7108424908424908
1.5762637362637362
1.6939194139194138
1.5295238095238095
1.6592673992673992
1.9856410256410255
1.601245421245421
1.7495238095238093
1.6713553113553112
1.6842490842490843
1.7334065934065932
1.6294505494505493
1.7994871794871794
1.7704761904761903
1.6818315018315018
1.7366300366300367
1.7164835164835164
2.07992673992674
1.7616117216117215
1.6850549450549448
1.5335531135531135
1.793040293040293
1.755164835164835
1.5746520146520147
1.7656410256410255
1.7132600732600731
1.8317216117216117
1.751941391941392
1.772087912087912
1.8397802197802198
1.735018315018315
1.8099633699633697
1.5367765567765566
1.6874725274725275
1.8623443223443221
1.8655677655677656
1.7769230769230768
1.8325274725274725
1.7914285714285714
1.9332600732600733
1.892967032967033
1.8067399267399267
1.8196336996336995
1.8913553113553112
1.822051282051282
1.614139194139194
1.8349450549450548
1.9461538461538461
1.913113553113553
1.7970695970695971
1.8019047619047617
1.9461538461538461
1.9042490842490842
1.9638827838827837
1.9767765567765567
1.9042490842490842
2.0057875457875456
1.859120879120879
1.8454212454212455
2.0573626373626372
1.83010989010989
1.9969230769230768
1.9558241758241757
1.8035164835164834
1.983223443223443
1.8486446886446886
2.0106227106227106
2.0065934065934066
1.8994139194139192
1.9477655677655676
1.9235897435897436
1.9397069597069596
2.0734798534798533
1.9622710622710622
2.07992673992674
2.1516483516483516
1.9614652014652014
1.983223443223443
2.1024908424908424
1.9695238095238095
2.12989010989011
2.058168498168498
1.913113553113553
2.1387545787545785
1.9848351648351648
2.2556043956043954
2.104102564102564
2.019487179487179
2.1556776556776556
2.1194139194139194
2.027545787545787
2.19032967032967
2.0630036630036632
1.9743589743589745
1.9558241758241757
2.1387545787545785
2.1750183150183147
2.1830769230769227
2.0646153846153847
2.225787545787546
2.1516483516483516
2.1411721611721615
2.270915750915751
2.1629304029304026
2.1895238095238096
2.2008058608058607
2.133113553113553
2.129084249084249
2.136336996336996
2.132307692307692
2.162124542124542
2.154065934065934
2.5054212454212452
2.207252747252747
2.112967032967033
2.2322344322344323
2.258021978021978
2.2322344322344323
2.3539194139194137
2.2008058608058607
2.2217582417582418
2.331355311355311
2.2322344322344323
2.2781684981684984
2.3635897435897437
2.1113553113553114
2.378095238095238
2.2975091575091575
2.242710622710623
2.4264468864468864
2.386153846153846
2.3281318681318677
2.386959706959707
2.2717216117216115
2.291062271062271
2.291062271062271
2.2644688644688644
2.444175824175824
2.194358974358974
2.2942857142857145
2.4353113553113555
2.2781684981684984
2.4747985347985346
2.3805128205128203
2.2741391941391944
2.49010989010989
2.3426373626373627
2.489304029304029
2.4554578754578755
2.274945054945055
2.374871794871795
2.4054945054945054
2.3684249084249083
2.4425641025641025
2.3506959706959707
2.4328937728937725
2.494139194139194
2.341025641025641
2.5247619047619048
2.475604395604395
2.3466666666666667
2.5054212454212452
2.4409523809523805
2.2999267399267396
2.523150183150183
2.415970695970696
2.5054212454212452
2.3555311355311352
2.3772893772893773
2.4570695970695966
2.4514285714285715
2.4449816849816846
2.605347985347985
2.4167765567765565
2.5465201465201464
2.5876190476190475
2.4328937728937725
2.5618315018315014
2.548131868131868
2.4868864468864467
2.6714285714285713
2.481245421245421
2.552967032967033
2.565054945054945
2.483663003663003
2.855164835164835
2.6134065934065935
2.5086446886446887
2.6456410256410257
2.483663003663003
2.6448351648351647
2.647252747252747
2.4393406593406595
2.6601465201465198
2.747985347985348
2.4868864468864467
2.6625641025641023
2.6569230769230767
2.5860073260073255
2.8994871794871795
2.4232234432234434
2.618241758241758
2.642417582417582
2.632747252747252
2.726227106227106
2.673040293040293
2.5698901098901095
2.548937728937729
2.5167032967032967
2.65047619047619
2.71010989010989
2.6174358974358976
2.642417582417582
2.7810256410256406
2.5634432234432234
2.7810256410256406
2.6706227106227103
2.604542124542124
2.7778021978021976
2.6802930402930403
2.6843223443223443
2.763296703296703
2.714945054945055
2.739120879120879
2.799560439560439
2.614212454212454
2.7487912087912085
2.6883516483516483
2.624688644688644
2.8374358974358973
2.835018315018315
2.813260073260073
2.743956043956044
2.6698168498168497
2.9099633699633696
2.7737728937728936
2.6794871794871793
2.7423443223443225
2.729450549450549
2.7826373626373626
2.993772893772894
2.6875457875457878
2.9147985347985346
2.8027838827838827
2.793113553113553
2.876117216117216
2.713333333333333
2.8197069597069593
2.8777289377289375
2.733479853479853
3.0799999999999996
2.83018315018315
2.741538461538461
2.893040293040293
2.7649084249084246
2.594065934065934
2.9075457875457875
2.7778021978021976
2.9397802197802196
2.9550915750915747
2.8003663003663
2.9035164835164835
2.908351648351648
2.8213186813186812
2.928498168498168
2.858388278388278
2.834212454212454
2.918021978021978
2.8180952380952378
3.2049084249084245
3.038901098901099
2.8454945054945053
3.1307692307692307
2.735091575091575
2.85032967032967
3.0316483516483514
2.8229304029304028
3.0235897435897434
2.9824908424908423
2.693186813186813
2.9857142857142858
2.8712820512820514
2.8229304029304028
2.98974358974359
2.876923076923077
2.9099633699633696
3.038095238095238
2.8857875457875455
2.9857142857142858
2.901098901098901
2.860805860805861
3.045347985347985
2.8906227106227105
3.0985347985347986
3.045347985347985
2.864835164835165
3.0082783882783883
2.9035164835164835
3.0155311355311354
3.0743589743589745
2.9317216117216116
2.9567032967032962
3.1259340659340658
2.9728205128205127
3.038095238095238
3.3
2.952673992673992
2.9188278388278386
2.9921611721611723
2.5424908424908423
3.099340659340659
2.987326007326007
3.0767765567765566
3.113040293040293
2.993772893772894
3.003443223443223
3.0646886446886445
2.952673992673992
3.071135531135531
3.113040293040293
2.9720146520146518
3.1654212454212454
2.9317216117216116
3.001831501831502
3.1372161172161173
2.847912087912088
3.133992673992674
3.1090109890109887
3.005054945054945
3.0904761904761906
2.938168498168498
3.0147252747252744
3.1162637362637358
2.9865201465201463
3.1533333333333333
3.1057875457875457
3.021172161172161
3.198461538461538
3.1162637362637358
3.1259340659340658
3.2645421245421242
3.0663003663003665
3.138827838827839
3.1259340659340658
3.1895970695970695
3.2049084249084245
3.1565567765567764
2.9317216117216116
3.2032967032967035
3.128351648351648
3.0066666666666664
3.206520146520146
3.0485714285714285
3.15010989010989
3.163003663003663
3.0163369963369964
3.1887912087912085
3.0187545787545784
3.0985347985347986
3.2709890109890107
3.2645421245421242
3.154139194139194
3.216190476190476
3.0356776556776555
3.2734065934065932
3.204102564102564
3.0606593406593405
3.3
3.1025641025641026
2.95025641025641
3.2613186813186807
3.0517948717948715
3.0759706959706956
3.20007326007326
3.1404395604395603
3.2387545787545786
3.212161172161172
3.0808058608058606
3.2387545787545786
3.0840293040293036
3.171062271062271
3.3
3.2097435897435895
3.244395604395604
3.171062271062271
3.174285714285714
3.2806593406593403
3.1275457875457873
3.2032967032967035
3.3
3.0227838827838824
3.3
3.248424908424908
3.1259340659340658
3.2387545787545786
3.2258608058608056
3.1452747252747253
3.3
3.2250549450549446
3.1807326007326004
3.3
3.132380952380952
3.2645421245421242
3.1936263736263735
3.0840293040293036
3.0969230769230767
3.186373626373626
3.206520146520146
3.3
3.162197802197802
3.2645421245421242
3.2476190476190476
3.204102564102564
3.3
3.3
3.2887179487179488
3.3
3.1807326007326004
3.3
3.3
3.1001465201465197
3.2355311355311356
3.0904761904761906
3.154945054945055
3.3
3.166227106227106
3.2629304029304027
3.3
3.067106227106227
3.3
3.3
3.2290842490842486
3.3
3.232307692307692
3.3
3.3
3.186373626373626
3.3
3.2774358974358972
3.2572893772893767
3.3
3.2798534798534797
3.1404395604395603
3.3
3.3
3.3
3.3
3.3
3.3
3.3
3.158974358974359
3.3
3.202490842490842
3.3
3.3
3.2629304029304027
3.3
3.3
3.198461538461538
3.3
3.3
3.2709890109890107
3.3
3.2290842490842486
3.1952380952380954
3.3
3.206520146520146
3.3
3.2645421245421242
3.2822710622710622
3.3
3.2516483516483516
3.27018315018315
3.3
3.269377289377289
3.3
3.2838827838827838
3.3
3.3
3.296776556776557
3.3
3.3
3.202490842490842
3.3
3.3
3.2935531135531133
3.3
3.3
3.2709890109890107
3.3
3.041318681318681
3.3
3.3
3.2476190476190476
3.3
3.3
3.2774358974358972
3.3
3.2709890109890107
3.3
3.3
3.171062271062271
3.3
3.3
3.2758241758241757
3.121098901098901
3.3
3.3
3.3
3.2798534798534797
3.3
3.3
3.2903296703296703
3.3
3.3
3.2387545787545786
3.3
3.232307692307692
3.232307692307692
3.0936996336996336
3.3
3.3
3.187179487179487
3.2145787545787545
3.2645421245421242
3.3
3.2806593406593403
3.3
3.2387545787545786
3.182344322344322
3.3
3.204102564102564
3.20007326007326
3.3
3.2178021978021976
3.3
3.2355311355311356
3.3
3.3
3.158168498168498
3.2516483516483516
3.3
3.1444688644688643
3.2613186813186807
3.3
3.248424908424908
3.3
3.296776556776557
3.2403663003663
3.3
3.1807326007326004
3.3
3.166227106227106
3.1597802197802194
3.3
3.3
3.3
3.3
3.2387545787545786
3.3
3.3
3.1936263736263735
3.3
3.2049084249084245
3.2806593406593403
3.3
3.2306959706959706
3.2879120879120878
3.27018315018315
3.2403663003663
3.3
3.3
3.1807326007326004
3.3
3.2315018315018316
3.2863003663003663
3.3
3.2677655677655677
3.3
3.295970695970696
3.26051282051282
3.3
3.187179487179487
3.269377289377289
3.3
3.1968498168498165
3.3
3.2186080586080585
3.192014652014652
3.3
3.083223443223443
3.2403663003663
3.3
3.1525274725274723
3.2532600732600727
3.3
3.17025641025641
3.299194139194139
3.1356043956043953
3.1001465201465197
3.3
3.1936263736263735
3.146886446886447
3.3
3.2669597069597067
3.2806593406593403
3.2411721611721607
3.19040293040293
3.2774358974358972
3.3
3.187179487179487
3.3
3.1976556776556775
3.2629304029304027
3.212161172161172
3.1267399267399267
3.2645421245421242
3.2516483516483516
3.121098901098901
3.3
2.984102564102564
3.208131868131868
3.2113553113553115
3.192014652014652
3.248424908424908
2.938168498168498
3.0936996336996336
3.1936263736263735
3.150915750915751
3.2057142857142855
3.2726007326007323
3.1347985347985348
3.1484981684981683
3.232307692307692
3.042124542124542
3.3
3.192014652014652
3.2387545787545786
3.2903296703296703
3.0445421245421245
3.1227106227106227
3.3
2.9534798534798536
3.1968498168498165
3.142051282051282
3.038901098901099
3.21054945054945
2.987326007326007
3.071135531135531
3.132380952380952
2.9228571428571426
3.121098901098901
3.2298901098901096
3.067106227106227
3.248424908424908
3.107399267399267
3.0517948717948715
3.2758241758241757
3.0195604395604394
3.0969230769230767
3.0864468864468866
3.113040293040293
3.142051282051282
3.103369963369963
2.9704029304029302
3.20007326007326
3.0324542124542124
3.216190476190476
3.1775091575091574
2.851941391941392
3.2290842490842486
3.167838827838828
2.9027106227106225
3.1404395604395603
3.0002197802197803
2.9454212454212456
3.19040293040293
2.984908424908425
3.0405128205128205
3.2153846153846155
2.948644688644688
3.0969230769230767
2.995384615384615
2.98007326007326
3.0969230769230767
3.1194871794871792
3.0155311355311354
2.9615384615384617
2.9961904761904763
3.038901098901099
3.067106227106227
2.9397802197802196
3.3
2.983296703296703
2.9744322344322343
3.1017582417582417
2.942197802197802
3.113040293040293
3.1025641025641026
2.9695970695970697
3.1178754578754577
3.0284249084249084
2.9986080586080583
3.0808058608058606
2.9027106227106225
2.9744322344322343
2.9728205128205127
2.8197069597069593
3.1001465201465197
3.026007326007326
2.9019047619047615
3.095311355311355
2.8777289377289375
3.0155311355311354
3.1146520146520147
2.840659340659341
2.8003663003663
2.9599267399267397
2.8736996336996334
2.8873992673992674
2.9317216117216116
2.9389743589743587
3.042124542124542
2.876923076923077
2.9470329670329667
2.843882783882784
2.9615384615384617
2.984908424908425
2.9147985347985346
2.8285714285714287
3.005054945054945
2.9067399267399265
2.7850549450549447
2.979267399267399
2.805201465201465
2.9679853479853477
3.0243956043956044
2.725421245421245
2.9349450549450546
2.8575824175824174
2.8414652014652013
2.95025641025641
2.8616117216117214
2.928498168498168
2.7987545787545787
2.8317948717948713
2.8954578754578755
2.9615384615384617
2.8156776556776553
2.9857142857142858
2.793113553113553
2.8954578754578755
2.929304029304029
2.723809523809524
2.8898168498168495
2.813260073260073
2.7246153846153844
3.087252747252747
2.776190476190476
2.6134065934065935
3.00989010989011
2.6673992673992672
3.208131868131868
2.880952380952381
2.7326739926739925
2.763296703296703
2.6738461538461538
2.8213186813186812
2.8454945054945053
2.7544322344322345
2.803589743589743
2.797142857142857
2.568278388278388
2.8124542124542122
2.8108424908424907
2.4369230769230765
2.8277655677655673
2.6706227106227103
2.7068864468864464
2.768131868131868
2.6988278388278384
2.76007326007326
2.8712820512820514
2.6536996336996337
2.783443223443223
2.6569230769230767
2.6947985347985344
2.7649084249084246
2.6456410256410257
2.4715750915750916
2.9679853479853477
2.6843223443223443
2.7125274725274724
2.741538461538461
2.767326007326007
2.792307692307692
2.6375824175824176
2.60051282051282
2.7568498168498166
2.6134065934065935
2.681904761904762
2.7987545787545787
2.6279120879120876
2.697216117216117
2.755238095238095
2.577142857142857
2.681098901098901
2.5255677655677653
2.5553846153846154
2.797142857142857
2.5263736263736263
2.5344322344322343
2.573113553113553
2.4997802197802192
2.726227106227106
2.5392673992673993
2.4490109890109886
2.4909157509157507
2.5674725274725274
2.561025641025641
2.497362637362637
2.4449816849816846
2.494139194139194
2.5553846153846154
2.224981684981685
2.6037362637362635
2.476410256410256
2.6440293040293037
2.60051282051282
2.4868864468864467
2.548937728937729
2.4288644688644685
2.4473992673992675
2.548937728937729
2.445787545787546
2.465934065934066
2.584395604395604
2.444175824175824
2.4997802197802192
2.609377289377289
2.506227106227106
2.5247619047619048
2.3337728937728937
2.3950183150183153
2.5618315018315014
2.432087912087912
2.386959706959707
2.638388278388278
2.382930402930403
2.494139194139194
2.4054945054945054
2.3426373626373627
2.4965567765567767
2.3603663003663002
2.402271062271062
2.556996336996337
2.2942857142857145
2.387765567765568
2.4288644688644685
2.3321611721611717
2.5424908424908423
2.349084249084249
2.3305494505494506
2.444175824175824
2.3845421245421243
2.4473992673992675
2.6037362637362635
2.2838095238095235
2.403882783882784
2.4256410256410255
2.195970695970696
2.2838095238095235
2.3845421245421243
2.3055677655677655
2.37970695970696
2.283003663003663
2.0347985347985347
2.394212454212454
2.253992673992674
2.2394871794871793
2.12021978021978
2.2523809523809524
2.436117216117216
2.2346520146520144
2.2725274725274724
2.406300366300366
2.1887179487179487
2.0460805860805857
2.3555311355311352
2.3716483516483517
2.387765567765568
2.3426373626373627
2.3345787545787546
2.316849816849817
2.1693772893772896
2.194358974358974
2.3095970695970696
2.0444688644688647
2.2701098901098904
2.1347252747252745
2.146007326007326
2.2975091575091575
2.2362637362637363
2.211282051282051
2.1556776556776556
2.152454212454212
2.2265934065934063
2.121831501831502
2.088791208791209
2.2636630036630034
2.12989010989011
2.113772893772894
2.1105494505494504
2.0654212454212453
2.315238095238095
2.1468131868131866
2.00014652014652
2.204029304029304
2.080732600732601
2.0202930402930406
2.133113553113553
2.0734798534798533
2.1589010989010986
2.124249084249084
2.0444688644688647
2.084761904761905
2.1274725274725275
1.7664468864468863
2.133113553113553
2.000952380952381
1.9928937728937728
2.132307692307692
2.12021978021978
2.0589743589743588
2.035604395604395
1.975164835164835
2.071868131868132
2.011428571428571
1.9469597069597069
2.0895970695970694
1.971135531135531
2.1427838827838825
1.9614652014652014
1.90989010989011
1.988058608058608
1.826080586080586
1.9646886446886447
2.029157509157509
1.88007326007326
2.0605860805860807
2.0057875457875456
2.0895970695970694
1.9284249084249083
1.975164835164835
1.8284981684981685
1.9977289377289378
1.8486446886446886
1.9848351648351648
1.9614652014652014
1.6173626373626373
1.9115018315018313
1.9622710622710622
1.8349450549450548
1.9542124542124542
1.85025641025641
1.772087912087912
1.926007326007326
1.8647619047619046
1.7914285714285714
1.8639560439560439
1.8002930402930402
1.8333333333333333
1.8430036630036628
1.7583882783882783
1.9413186813186813
1.8712087912087911
1.755164835164835
1.9477655677655676
1.7140659340659339
1.8156043956043955
1.8905494505494504
1.7946520146520146
1.7994871794871794
1.8268864468864467
1.7769230769230768
1.8655677655677656
1.7446886446886447
1.6399267399267399
1.8252747252747252
1.5964102564102562
1.7237362637362637
1.85025641025641
1.6367032967032966
1.8059340659340657
1.5512820512820513
1.6745787545787545
1.747912087912088
1.6705494505494505
1.7060073260073259
1.6592673992673992
1.6173626373626373
1.6834432234432235
1.6608791208791207
1.5907692307692307
1.76
1.7003663003663003
1.5367765567765566
1.9574358974358974
1.593186813186813
1.6705494505494505
1.764029304029304
1.6463736263736264
1.6641025641025642
1.593992673992674
1.6286446886446884
1.6786080586080585
1.4932600732600732
1.5867399267399267
1.6906959706959706
1.452161172161172
1.614139194139194
1.623003663003663
1.5335531135531135
1.6890842490842488
1.6818315018315018
1.4908424908424909
1.6810256410256408
1.3997802197802196
1.5351648351648353
1.585128205128205
1.4674725274725273
1.5617582417582416
1.523076923076923
1.476336996336996
1.614139194139194
1.3602930402930402
1.4505494505494505
1.6254212454212453
1.423150183150183
1.4666666666666666
1.6205860805860803
1.4553846153846153
1.6205860805860803
1.3788278388278385
1.506959706959707
1.5126007326007325
1.2716483516483517
1.5947985347985347
1.4932600732600732
1.4304029304029304
1.4594139194139193
1.4070329670329669
1.3240293040293039
1.4835897435897434
1.3433699633699632
1.3240293040293039
1.4529670329670328
1.5198534798534797
1.427179487179487
1.3909157509157508
1.2772893772893772
1.5013186813186812
1.1789743589743589
1.298241758241758
1.4658608058608058
1.2934065934065935
1.378021978021978
1.4094505494505494
1.2764835164835164
1.8397802197802198
1.2442490842490843
1.2176556776556777
1.3747985347985345
1.2789010989010987
1.4094505494505494
1.382051282051282
1.1201465201465202
1.5367765567765566
1.3691575091575092
1.1854212454212454
1.3208058608058608
1.2506959706959706
1.207985347985348
1.3087179487179488
1.1620512820512818
1.318388278388278
1.3401465201465201
1.1048351648351649
1.27003663003663
1.3135531135531135
1.1193406593406594
1.477142857142857
1.1894505494505494
1.191868131868132
1.3764102564102563
0.8864468864468864
1.2063736263736262
1.3772161172161173
1.1008058608058608
1.8945787545787545
1.1298168498168497
1.0073260073260073
1.220879120879121
1.120952380952381
1.1273992673992674
1.2337728937728938
1.0822710622710623
1.1983150183150182
1.1402930402930402
1.1314285714285715
1.2337728937728938
0.9138461538461538
1.1628571428571428
1.1983150183150182
1.0717948717948718
1.1427106227106225
1.1805860805860806
0.9565567765567765
1.1410989010989012
1.1217582417582417
0.9879853479853479
0.9887912087912087
0.8727472527472526
0.9928205128205128
1.0653479853479852
0.9928205128205128
0.9750915750915751
1.0049084249084248
0.9638095238095238
1.2724542124542124
0.9501098901098901
1.0049084249084248
1.0685714285714285
0.942051282051282
1.1749450549450549
1.0758241758241758
1.2595604395604394
1.033113553113553
0.9815384615384615
0.9573626373626373
0.9775091575091575
0.9404395604395605
0.9073992673992674
1.0427838827838827
0.8832234432234431
1.033113553113553
0.9646153846153845
0.8477655677655678
0.9952380952380953
0.9718681318681318
0.9001465201465201
1.0129670329670328
0.8598534798534798
1.0024908424908425
0.9887912087912087
0.8082783882783882
0.8945054945054945
0.9114285714285714
0.8211721611721611
1.0129670329670328
0.826007326007326
0.8791941391941391
0.8348717948717949
0.7671794871794871
0.892087912087912
0.8405128205128204
0.7317216117216117
0.888058608058608
0.7808791208791208
0.892087912087912
0.8340659340659341
0.8187545787545787
0.8808058608058608
0.8469597069597069
0.7389743589743589
0.8082783882783882
0.6487179487179487
0.6583882783882784
0.809084249084249
0.7752380952380952
0.8284249084249083
0.9944322344322344
0.3384615384615385
0.8582417582417582
0.9065934065934066
0.6519413919413919
0.7695970695970696
0.726080586080586
0.8203663003663003
0.713992673992674
0.6535531135531135
0.7043223443223443
0.8558241758241758
0.647106227106227
0.6438827838827839
0.7317216117216117
0.7204395604395604
0.7712087912087912
0.6237362637362637
0.6027838827838828
0.8074725274725274
1.0242490842490843
0.6994871794871794
0.718021978021978
0.6535531135531135
0.6954578754578754
0.49157509157509155
0.6011721611721611
0.7905494505494505
0.726080586080586
0.6277655677655677
0.7921611721611721
0.5697435897435897
0.639047619047619
0.647106227106227
0.5721611721611721
0.7019047619047618
0.5858608058608058
0.5334798534798535
0.6229304029304028
0.597948717948718
0.3723076923076923
0.7164102564102564
0.4424175824175824
0.713992673992674
0.601978021978022
0.5117216117216117
0.6124542124542125
0.5318681318681319
0.5334798534798535
0.6567765567765568
0.5528205128205127
0.6914285714285714
0.6664468864468864
0.46659340659340653
0.6229304029304028
0.4899633699633699
0.5415384615384615
0.6253479853479853
0.49238095238095236
0.5076923076923077
0.5101098901098902
0.5778021978021978
0.6898168498168498
0.5471794871794872
0.4343589743589743
0.28205128205128205
0.46498168498168496
0.4778754578754578
0.527032967032967
0.4536996336996337
0.6132600732600731
0.6398534798534798
0.4166300366300366
0.46095238095238095
0.527032967032967
0.3255677655677655
0.6269597069597068
0.5455677655677655
0.46659340659340653
0.5157509157509158
0.5278388278388279
0.4867399267399267
0.4238827838827839
0.35619047619047617
0.47223443223443223
0.40293040293040294
0.3731135531135531
0.49882783882783877
0.32395604395604394
0.4520879120879121
0.4271062271062271
0.3626373626373626
0.4859340659340659
0.35780219780219774
0.32879120879120877
0.5205860805860805
0.3449084249084249
0.35780219780219774
0.6986813186813187
0.3078388278388278
0.2836630036630036
0.5286446886446886
0.29413919413919415
0.734139194139194
0.36666666666666664
0.1797069597069597
0.3747252747252747
0.3747252747252747
0.3013919413919414
0.4295238095238095
0.3199267399267399
0.3884249084249084
0.43355311355311354
0.25062271062271063
0.4222710622710622
0.43355311355311354
0.273992673992674
0.3038095238095238
0.647106227106227
0.3352380952380952
0.3207326007326007
0.2610989010989011
0.3255677655677655
0.35538461538461535
0.2594871794871795
0.32476190476190475
0.2893040293040293
0.09992673992673992
0.41743589743589743
0.2514285714285714
0.44080586080586076
0.29413919413919415
0.3545787545787546
0.37391941391941386
0.3537728937728937
0.2514285714285714
0.15553113553113554
0.17164835164835165
0.365054945054945
0.34410256410256407
0.2594871794871795
0.39164835164835166
0.2756043956043956
0.15311355311355312
0.3304029304029304
0.25465201465201465
0.2465934065934066
0.34410256410256407
0.06527472527472528
0.2643223443223443
0.361025641025641
0.11684981684981685
0.3723076923076923
0.1829304029304029
0.14505494505494507
0.11684981684981685
0.1772893772893773
0.1539194139194139
0.1506959706959707
0.16439560439560438
0.30461538461538457
0.32879120879120877
0.08058608058608059
0.27802197802197803
0.16923076923076924
0.1402197802197802
0.23208791208791207
0.10959706959706958
0.1345787545787546
0.2949450549450549
0.1547252747252747
0.3175091575091575
0.1676190476190476
0.1402197802197802
0.25384615384615383
0.16197802197802197
0.1635897435897436
0.2917216117216117
0.06527472527472528
0.2345054945054945
0.24095238095238095
0.20388278388278389
0.27076923076923076
0.07172161172161172
0.12974358974358974
0.26593406593406593
0.0
0.13538461538461538
0.15956043956043955
0.0838095238095238
0.3537728937728937
0.0
0.02659340659340659
0.3465201465201465
0.07736263736263735
0.0
0.2111355311355311
0.02095238095238095
0.2578754578754579
0.16036630036630034
0.11604395604395604
0.24336996336996336
0.11120879120879121
0.005641025641025641
0.21435897435897436
0.03062271062271062
0.0967032967032967
0.14747252747252745
0.06285714285714285
0.1942124542124542
0.0
0.045128205128205125
0.12732600732600732
0.0
0.11926739926739927
0.033846153846153845
0.0
0.17890109890109887
0.15714285714285714
0.014505494505494505
0.0
0.12893772893772895
0.05963369963369963
0.17326007326007326
0.02659340659340659
0.12087912087912088
0.1378021978021978
0.07655677655677656
0.20388278388278389
0.09025641025641025
0.14586080586080585
0.1241025641025641
0.10556776556776555
0.2369230769230769
0.14908424908424908
0.0
0.10315018315018315
0.15553113553113554
0.05802197802197802
0.1394139194139194
0.0
0.13135531135531134
0.11523809523809524
0.0
0.0709157509157509
0.0
0.04996336996336996
0.0709157509157509
0.0
0.0
0.06446886446886448
0.022564102564102562
0.08219780219780219
0.19743589743589743
0.0
0.040293040293040296
0.10556776556776555
0.05721611721611721
0.0693040293040293
0.033846153846153845
0.006446886446886447
0.22
0.0
0.0684981684981685
0.12168498168498168
0.0709157509157509
0.17164835164835165
0.0
0.0
0.09106227106227106
0.1805128205128205
0.0
0.09589743589743589
0.0
0.05318681318681318
0.0
0.0
0.0709157509157509
0.0
0.0
0.08139194139194138
0.0
0.0427106227106227
0.09912087912087912
0.0
0.17164835164835165
0.0693040293040293
0.012087912087912088
0.044322344322344324
0.0
0.0427106227106227
0.11604395604395604
0.0
0.15633699633699633
0.09750915750915749
0.0
0.03465201465201465
0.0
0.0
0.09831501831501831
0.0
0.0
0.15714285714285714
0.0
0.0967032967032967
0.1813186813186813
0.0
0.04593406593406593
0.0008058608058608059
0.0
0.0
0.0
0.10395604395604395
0.11926739926739927
0.0
0.2578754578754579
0.025787545787545788
0.0
0.24256410256410255
0.0
0.05479853479853479
0.11926739926739927
0.0
0.11443223443223442
0.0709157509157509
0.0
0.11120879120879121
0.019340659340659337
0.020146520146520148
0.0693040293040293
0.0
0.1668131868131868
0.05318681318681318
0.09186813186813186
0.136996336996337
0.0
0.037875457875457874
0.10959706959706958
0.0
0.02095238095238095
0.18373626373626373
0.0
0.1386080586080586
0.0
0.0
0.08864468864468865
0.0
0.0
0.19743589743589743
0.0
0.03304029304029304
0.09186813186813186
0.0
0.14827838827838827
0.023369963369963366
0.0
0.09347985347985346
0.0
0.02659340659340659
0.14989010989010987
0.0
0.051575091575091575
0.0427106227106227
0.0
0.09106227106227106
0.11362637362637361
0.0
0.011282051282051281
0.0
0.04996336996336996
0.14908424908424908
0.0
0.2328937728937729
0.15553113553113554
0.0
0.17003663003663003
0.0
0.3263736263736264
0.14263736263736265
0.0
0.0701098901098901
0.05318681318681318
0.0
0.2514285714285714
0.0
0.2578754578754579
0.26673992673992675
0.0
0.12732600732600732
0.04673992673992673
0.06446886446886448
0.1668131868131868
0.0
0.027399267399267395
0.19501831501831499
0.10315018315018315
0.09750915750915749
0.13619047619047617
0.0
0.1378021978021978
0.06446886446886448
0.041098901098901096
0.09831501831501831
0.022564102564102562
0.05479853479853479
0.007252747252747252
0.0
0.1378021978021978
0.0709157509157509
0.0
0.00402930402930403
0.0
0.0
0.2836630036630036
0.025787545787545788
0.05399267399267399
0.11765567765567765
0.023369963369963366
0.07897435897435896
0.041098901098901096
0.1281318681318681
0.040293040293040296
0.0008058608058608059
0.20146520146520147
0.18212454212454213
0.01531135531135531
0.19501831501831499
0.1635897435897436
0.0
0.18695970695970693
0.09267399267399268
0.1418315018315018
0.17003663003663003
0.07172161172161172
0.17245421245421244
0.07736263736263735
0.0
0.4287179487179487
0.15875457875457874
0.03948717948717948
0.0967032967032967
0.11443223443223442
0.0
0.0
0.07575091575091575
0.30461538461538457
0.1345787545787546
0.0701098901098901
0.10637362637362636
0.10717948717948718
0.0854212454212454
0.2079120879120879
0.03626373626373627
0.22241758241758242
0.17406593406593404
0.05802197802197802
0.1805128205128205
0.21516483516483514
0.05479853479853479
0.2562637362637362
0.14586080586080585
0.11523809523809524
0.17648351648351646
0.0
0.34087912087912087
0.23853479853479853
0.15311355311355312
0.37150183150183147
0.11443223443223442
0.0032234432234432234
0.3021978021978022
0.12893772893772895
0.1402197802197802
0.27076923076923076
0.1676190476190476
0.3078388278388278
0.22241758241758242
0.055604395604395604
0.25545787545787546
0.14424908424908423
0.1345787545787546
0.3021978021978022
0.24014652014652013
0.29655677655677654
0.2925274725274725
0.14989010989010987
0.2063003663003663
0.20227106227106226
0.1241025641025641
0.2925274725274725
0.0
0.23611721611721612
0.3271794871794872
0.16439560439560438
0.2578754578754579
0.17003663003663003
0.11926739926739927
0.3376556776556776
0.14989010989010987
0.136996336996337
0.3271794871794872
0.20307692307692304
0.14586080586080585
0.30622710622710625
0.14747252747252745
0.34007326007326005
0.25384615384615383
0.22644688644688643
0.38036630036630037
0.23128205128205126
0.28446886446886444
0.31267399267399265
0.24175824175824176
0.29333333333333333
0.28205128205128205
0.32234432234432236
0.35538461538461535
0.25384615384615383
0.2635164835164835
0.3989010989010989
0.27076923076923076
0.32476190476190475
0.3537728937728937
0.17487179487179486
0.28608058608058606
0.37956043956043956
0.2619047619047619
0.46498168498168496
0.3336263736263736
0.4794871794871795
0.42065934065934063
0.29736263736263735
0.44483516483516483
0.298974358974359
0.24981684981684982
0.4021245421245421
0.32476190476190475
0.13538461538461538
0.49238095238095236
0.3134798534798534
0.3763369963369963
0.4746520146520146
0.39326007326007323
0.40857142857142853
0.39809523809523806
0.0
0.46498168498168496
0.4810989010989011
0.36424908424908425
0.502051282051282
0.18212454212454213
0.4432234432234432
0.48432234432234433
0.5447619047619047
0.49238095238095236
0.3215384615384615
0.35780219780219774
0.469010989010989
0.3416849816849816
0.49076923076923074
0.25545787545787546
0.3537728937728937
0.4698168498168498
0.5084981684981684
0.4263003663003663
0.37553113553113554
0.4319413919413919
0.6519413919413919
0.585054945054945
0.365054945054945
0.4593406593406593
0.5076923076923077
0.37875457875457874
0.5713553113553113
0.49399267399267394
0.523003663003663
0.585054945054945
0.4956043956043956
0.5544322344322344
0.5487912087912087
0.5334798534798535
0.5584615384615385
0.43677655677655675
0.4778754578754578
0.5745787545787546
0.42065934065934063
0.6285714285714286
0.5890842490842491
0.4005128205128205
0.6261538461538462
0.4319413919413919
0.4617582417582417
0.6454945054945054
0.4682051282051282
0.618095238095238
0.6189010989010988
0.4956043956043956
0.7397802197802197
0.6688644688644688
0.4931868131868132
0.7204395604395604
0.6011721611721611
0.49963369963369964
0.6035897435897436
0.5826373626373627
0.3473260073260073
0.7325274725274725
0.5681318681318681
0.6857875457875457
0.6463003663003662
0.5882783882783883
0.6720879120879121
0.5657142857142857
0.6245421245421245
0.70996336996337
0.8598534798534798
0.697069597069597
0.7921611721611721
0.6027838827838828
0.7131868131868132
0.6648351648351648
0.6374358974358973
0.7760439560439559
0.6334065934065933
0.6213186813186813
0.8485714285714285
0.6269597069597068
0.6527472527472528
0.7075457875457875
0.6720879120879121
0.8864468864468864
0.726080586080586
0.7268864468864469
0.7526739926739926
0.5955311355311355
0.6946520146520146
0.8211721611721611
0.6696703296703296
0.8324542124542124
0.8082783882783882
0.6785347985347985
0.8389010989010989
0.7019047619047618
0.7075457875457875
0.8808058608058608
0.7478388278388277
0.8324542124542124
0.8356776556776556
0.7373626373626374
0.8268131868131867
0.9388278388278388
0.7857142857142857
0.8953113553113552
0.7349450549450549
0.888058608058608
0.801025641025641
0.7526739926739926
0.9347985347985348
0.8171428571428571
0.5068864468864468
0.8928937728937728
0.7953846153846154
0.9565567765567765
1.0137728937728936
0.8066666666666666
0.8743589743589744
0.9106227106227106
0.9178754578754579
1.0194139194139193
0.9009523809523808
0.971062271062271
0.9839560439560439
0.8405128205128204
0.9146520146520146
0.9984615384615384
0.9299633699633699
0.9678388278388278
0.9694505494505493
0.9098168498168497
1.112893772893773
0.7873260073260073
0.9372161172161171
1.1975091575091577
0.7849084249084248
1.0049084249084248
0.9984615384615384
0.8993406593406593
1.0572893772893772
0.884029304029304
0.9073992673992674
1.1112820512820512
0.9501098901098901
1.1435164835164835
1.1145054945054944
0.963003663003663
1.1112820512820512
1.0395604395604396
0.8969230769230768
1.0903296703296703
0.8775824175824175
0.9565567765567765
1.1177289377289377
1.0645421245421245
1.1072527472527471
1.1781684981684981
1.0081318681318683
1.1338461538461537
1.0443956043956044
1.041172161172161
1.1161172161172161
1.0355311355311356
1.058095238095238
1.1491575091575092
1.0717948717948718
1.199120879120879
1.3175824175824176
1.029084249084249
1.1241758241758242
1.066153846153846
1.0258608058608059
1.3240293040293039
1.0766300366300368
1.1644688644688646
1.2434432234432233
1.0274725274725274
1.298241758241758
1.1846153846153846
1.0242490842490843
1.2579487179487179
1.2168498168498167
1.1354578754578755
1.2643956043956044
1.0169963369963368
1.2063736263736262
1.1983150183150182
1.1693040293040293
1.2692307692307692
1.2627838827838826
1.074212454212454
1.2958241758241758
1.1668864468864468
1.224102564102564
1.1652747252747253
1.2257142857142858
1.3304761904761904
1.4070329670329669
1.191868131868132
1.2007326007326007
1.2853479853479854
1.2845421245421245
1.3675457875457875
1.2523076923076923
1.3562637362637362
1.3675457875457875
1.3208058608058608
1.4545787545787545
1.2998534798534798
1.2853479853479854
1.3804395604395603
1.1878388278388279
1.3562637362637362
1.4304029304029304
1.3554578754578752
1.3224175824175823
1.3844688644688643
1.1547985347985348
1.4336263736263737
1.3328937728937729
1.382051282051282
1.5077655677655677
1.1193406593406594
1.4368498168498167
1.5037362637362635
1.3296703296703296
1.6358974358974359
1.2563369963369964
1.3425641025641024
1.49003663003663
1.3973626373626373
1.3675457875457875
1.6173626373626373
1.4142857142857144
1.4158974358974357
1.4779487179487178
1.402197802197802
1.4626373626373625
1.469084249084249
1.1378754578754577
1.6367032967032966
1.5126007326007325
1.7382417582417582
1.5754578754578754
1.5351648351648353
1.573040293040293
1.598021978021978
1.4779487179487178
1.5738461538461537
1.4658608058608058
1.456996336996337
1.4465201465201465
1.7857875457875456
1.5383882783882783
1.7148717948717949
1.3264468864468864
1.6036630036630037
1.6375091575091574
1.4344322344322344
1.8333333333333333
1.4336263736263737
1.6326739926739926
1.7189010989010989
1.4827838827838828
1.5625641025641026
1.6254212454212453
1.4715018315018313
1.647985347985348
1.564175824175824
1.6367032967032966
1.7422710622710622
1.6157509157509158
1.6769963369963368
1.7197069597069596
1.5746520146520147
1.8091575091575092
1.6149450549450548
1.6447619047619046
1.764029304029304
1.6383150183150181
1.6761904761904762
1.9477655677655676
1.6149450549450548
1.7575824175824175
1.8002930402930402
1.6254212454212453
1.8526739926739926
1.7446886446886447
1.6592673992673992
1.6455677655677654
1.726959706959707
1.7914285714285714
1.6745787545787545
1.6834432234432235
1.6947252747252746
1.8397802197802198
1.7148717948717949
2.0138461538461536
1.76
1.5561172161172159
1.8953846153846152
1.7382417582417582
1.7712820512820513
1.7873992673992674
1.9526007326007324
1.8567032967032966
1.705201465201465
1.6778021978021977
1.892967032967033
1.7454945054945052
1.8188278388278387
1.9316483516483516
1.913113553113553
1.8655677655677656
1.955018315018315
1.854285714285714
1.842197802197802
1.8647619047619046
1.8002930402930402
1.8244688644688645
1.888937728937729
1.8913553113553112
2.074285714285714
1.7809523809523808
1.921172161172161
2.0517216117216117
1.8131868131868132
1.9727472527472527
1.9066666666666665
1.8373626373626373
1.988058608058608
1.7978754578754577
1.9654945054945054
2.0364102564102566
2.0065934065934066
2.076703296703297
2.116190476190476
1.5786813186813187
2.0436630036630037
1.9227838827838826
1.8430036630036628
1.984029304029304
1.9727472527472527
2.049304029304029
2.19032967032967
1.913919413919414
2.0501098901098898
1.8913553113553112
1.991282051282051
2.270915750915751
1.9977289377289378
2.004175824175824
2.1411721611721615
1.9743589743589745
2.2136996336996337
2.10007326007326
1.8518681318681318
2.1693772893772896
2.0831501831501833
2.0138461538461536
2.1492307692307695
2.0992673992673994
2.0871794871794873
2.162124542124542
1.9816117216117215
2.2008058608058607
2.0517216117216117
2.0138461538461536
2.2161172161172162
1.9816117216117215
2.075897435897436
2.238681318681319
2.1194139194139194
2.1653479853479856
2.1226373626373625
2.0646153846153847
2.1814652014652016
2.207252747252747
2.19032967032967
2.527985347985348
2.0396336996336997
2.19032967032967
2.1532600732600735
2.2032234432234428
2.315238095238095
2.2306227106227103
2.2024175824175822
2.1556776556776556
2.2
2.1234432234432234
2.245934065934066
2.1935531135531137
2.245934065934066
2.307179487179487
2.0106227106227106
2.2556043956043954
2.3216849816849816
2.299120879120879
2.3668131868131868
2.4191941391941394
2.2636630036630034
2.332967032967033
2.4071062271062273
2.3539194139194137
2.5473260073260073
2.2765567765567765
2.3893772893772893
2.1790476190476187
2.281391941391941
2.22981684981685
2.2894505494505495
2.3047619047619046
2.4312820512820514
2.2805860805860805
2.452234432234432
2.332967032967033
2.386153846153846
2.349084249084249
2.3418315018315017
2.3716483516483517
2.4570695970695966
2.4997802197802192
2.2717216117216115
2.484468864468864
2.3458608058608057
2.4675457875457876
2.4433699633699635
2.394212454212454
2.5215384615384613
2.3974358974358974
2.3813186813186813
2.532014652014652
2.3684249084249083
2.4328937728937725
2.4490109890109886
2.44981684981685
2.4586813186813186
2.4449816849816846
2.4071062271062273
2.5094505494505492
2.445787545787546
2.4006593406593404
2.531208791208791
2.4570695970695966
2.5199267399267398
2.59003663003663
2.5344322344322343
2.5376556776556773
2.51025641025641
2.540879120879121
2.619047619047619
2.4071062271062273
2.7205860805860804
2.564249084249084
2.589230769230769
2.59003663003663
2.598095238095238
2.461904761904762
2.626300366300366
2.622271062271062
2.548937728937729
2.6778754578754578
2.4514285714285715
2.5167032967032967
2.6198534798534796
2.5118681318681313
2.636776556776556
2.5715018315018314
2.573113553113553
2.6778754578754578
2.5658608058608054
2.484468864468864
2.7544322344322345
2.519120879120879
2.4554578754578755
2.705274725274725
2.552161172161172
2.618241758241758
2.638388278388278
2.5674725274725274
2.7326739926739925
2.727838827838828
2.7407326007326005
2.745567765567765
2.3893772893772893
2.709304029304029
2.713333333333333
2.761684981684981
2.752014652014652
2.787472527472527
2.602124542124542
2.9276923076923076
2.9228571428571426
2.6545054945054942
2.7697435897435896
2.7028571428571424
2.7504029304029305
2.797142857142857
2.681904761904762
2.721391941391941
2.723003663003663
2.6802930402930403
2.839047619047619
2.783443223443223
2.6746520146520143
2.8293772893772893
2.4385347985347985
2.789084249084249
2.7939194139194137
2.685934065934066
2.8197069597069593
2.581172161172161
2.626300366300366
2.8374358974358973
2.9188278388278386
2.834212454212454
2.916410256410256
2.6690109890109888
2.8068131868131867
2.747985347985348
2.6698168498168497
2.958315018315018
2.8712820512820514
2.715750915750916
2.9156043956043955
2.6964102564102563
2.735897435897436
2.7810256410256406
2.784249084249084
2.9067399267399265
2.912380952380952
2.844688644688645
2.918021978021978
2.813260073260073
2.808424908424908
2.9035164835164835
2.8366300366300368
2.9776556776556777
2.9156043956043955
2.7383150183150184
2.9454212454212456
2.709304029304029
2.971208791208791
2.948644688644688
2.8946520146520145
3.042124542124542
2.9099633699633696
2.826153846153846
2.884175824175824
2.929304029304029
2.858388278388278
3.0002197802197803
2.9357509157509156
2.958315018315018
2.9704029304029302
2.8616117216117214
3.073553113553113
2.876117216117216
2.8632234432234434
3.1025641025641026
2.9099633699633696
3.1001465201465197
3.1291575091575092
2.8753113553113554
3.0437362637362635
2.997802197802198
2.8753113553113554
3.034065934065934
2.9035164835164835
2.9671794871794868
3.0936996336996336
2.882564102564102
2.995384615384615
3.0961172161172157
2.9518681318681317
3.0606593406593405
2.98974358974359
3.00989010989011
3.0679120879120876
3.038901098901099
3.0928937728937727
2.946227106227106
2.98974358974359
3.0437362637362635
2.9196336996336996
2.9647619047619047
2.8873992673992674
2.884175824175824
3.1275457875457873
3.073553113553113
2.913992673992674
3.128351648351648
2.984908424908425
2.9156043956043955
3.111428571428571
3.0324542124542124
3.3
3.1082051282051277
2.9704029304029302
3.1436630036630033
3.138021978021978
3.0904761904761906
3.0904761904761906
3.058241758241758
3.0485714285714285
3.1525274725274723
3.0840293040293036
3.1194871794871792
3.1613919413919414
2.846300366300366
3.167838827838828
3.0864468864468866
2.913992673992674
3.1775091575091574
3.067106227106227
3.103369963369963
3.224249084249084
3.0445421245421245
3.2548717948717947
3.1936263736263735
3.0646886446886445
3.20007326007326
3.0566300366300365
3.038901098901099
3.1517216117216114
3.067106227106227
3.0437362637362635
3.216190476190476
3.062271062271062
3.3
3.1654212454212454
3.3
3.1936263736263735
3.154139194139194
3.1194871794871792
3.208131868131868
3.0324542124542124
3.154139194139194
3.2645421245421242
3.0904761904761906
3.25003663003663
3.1356043956043953
3.1533333333333333
3.2838827838827838
3.133992673992674
3.128351648351648
3.3
3.125128205128205
3.2339194139194136
3.2508424908424907
3.1202930402930398
3.2677655677655677
3.0969230769230767
3.0743589743589745
3.17992673992674
3.1098168498168497
3.1847619047619045
3.167032967032967
3.0679120879120876
3.254065934065934
3.1912087912087914
3.146886446886447
3.2129670329670326
3.142051282051282
3.150915750915751
3.3
3.1356043956043953
3.262124542124542
3.1331868131868132
3.079194139194139
3.3
3.1613919413919414
3.0888644688644686
3.3
3.183150183150183
3.2790476190476188
3.3
3.0896703296703296
3.2814652014652013
3.1138461538461537
3.154139194139194
3.3
3.1573626373626373
3.2597069597069597
3.3
3.187985347985348
3.2629304029304027
3.3
3.17025641025641
3.3
3.2435897435897436
3.1726739926739924
3.3
3.171868131868132
3.2387545787545786
3.3
3.212161172161172
3.3
3.2822710622710622
3.1573626373626373
3.3
3.2709890109890107
3.1968498168498165
3.19040293040293
3.2258608058608056
3.296776556776557
3.3
3.2572893772893767
3.3
3.3
3.21054945054945
3.3
3.3
3.2452014652014647
3.3
3.212161172161172
3.3
3.3
3.071135531135531
3.3
3.2814652014652013
3.2258608058608056
3.3
3.2516483516483516
3.3
3.3
3.1315750915750913
3.2758241758241757
3.3
3.19040293040293
3.3
3.3
3.274212454212454
3.3
3.241978021978022
3.295164835164835
3.3
3.1895970695970695
3.3
3.3
3.2153846153846155
3.3
3.3
3.3
3.3
3.2508424908424907
3.3
3.3
3.2516483516483516
3.3
3.3
3.27018315018315
3.3
3.2838827838827838
3.3
3.3
3.1057875457875457
3.3
3.3
3.034065934065934
3.3
3.3
3.2032967032967035
3.3
3.3
3.3
3.3
3.2468131868131866
3.3
3.3
3.2178021978021976
3.3
3.2895238095238093
3.2347252747252746
3.224249084249084
3.206520146520146
3.3
3.3
3.224249084249084
3.167838827838828
3.2887179487179488
3.22021978021978
3.3
3.3
3.1928205128205125
3.3
3.2613186813186807
3.3
3.2290842490842486
3.0002197802197803
3.3
3.174285714285714
3.3
3.3
3.19040293040293
3.3
3.3
3.274212454212454
3.3
3.3
3.248424908424908
3.2347252747252746
3.1807326007326004
3.3
3.3
3.216190476190476
3.3
3.3
3.21054945054945
3.3
3.244395604395604
3.25003663003663
3.3
3.2153846153846155
3.2645421245421242
3.3
3.2677655677655677
3.3
3.274212454212454
3.295164835164835
3.3
3.2194139194139195
3.3
3.3
3.138827838827839
3.3
3.2814652014652013
3.2339194139194136
3.3
3.274212454212454
3.274212454212454
3.3
3.179120879120879
3.3
3.3
3.133992673992674
3.3
3.2049084249084245
3.146886446886447
3.3
3.2315018315018316
3.3
3.3
3.1807326007326004
3.3
3.258095238095238
3.236336996336996
3.3
3.2548717948717947
3.2250549450549446
3.3
3.171062271062271
3.3
3.2427838827838826
2.948644688644688
3.3
3.1162637362637358
3.1775091575091574
3.299194139194139
3.1219047619047617
3.228278388278388
3.1356043956043953
3.1412454212454213
3.3
3.2774358974358972
3.171062271062271
3.1936263736263735
3.1646153846153844
3.2355311355311356
2.9035164835164835
3.196043956043956
3.2838827838827838
3.3
3.1162637362637358
3.3
3.1936263736263735
3.2879120879120878
3.2129670329670326
3.2935531135531133
3.2798534798534797
3.3
3.192014652014652
3.3
3.2371428571428567
3.3
3.2838827838827838
3.113040293040293
3.1065934065934067
3.274212454212454
2.929304029304029
3.2468131868131866
3.2887179487179488
3.2032967032967035
3.3
3.3
3.121098901098901
3.2645421245421242
3.099340659340659
3.1484981684981683
3.206520146520146
3.1154578754578752
3.121098901098901
3.19040293040293
3.1090109890109887
3.2645421245421242
3.174285714285714
3.1484981684981683
3.2097435897435895
3.1356043956043953
3.1887912087912085
3.2258608058608056
3.121098901098901
3.182344322344322
3.1347985347985348
3.224249084249084
3.2306959706959706
3.1412454212454213
3.1525274725274723
3.2057142857142855
3.1605860805860804
3.0840293040293036
3.1227106227106227
3.1452747252747253
3.1775091575091574
3.216190476190476
3.0123076923076924
3.3
3.171868131868132
3.073553113553113
3.241978021978022
3.0703296703296705
3.0840293040293036
3.1331868131868132
3.0324542124542124
3.2645421245421242
3.077582417582417
3.054212454212454
3.183956043956044
3.0316483516483514
3.1259340659340658
3.1476923076923073
3.005860805860806
3.1533333333333333
2.946227106227106
3.2983882783882783
3.1412454212454213
3.1291575091575092
3.045347985347985
3.2339194139194136
3.212161172161172
3.0936996336996336
3.03003663003663
2.991355311355311
3.1436630036630033
2.983296703296703
2.9905494505494503
3.1775091575091574
3.00989010989011
3.0227838827838824
3.1452747252747253
3.005054945054945
3.187179487179487
3.158168498168498
2.9695970695970697
3.182344322344322
2.9808791208791208
2.864835164835165
3.166227106227106
2.9736263736263737
3.2306959706959706
3.1573626373626373
2.948644688644688
3.1049816849816847
3.067106227106227
2.992967032967033
3.0759706959706956
2.98007326007326
3.0566300366300365
3.1412454212454213
3.013113553113553
3.05018315018315
3.038901098901099
2.916410256410256
2.9776556776556777
2.8454945054945053
2.8736996336996334
3.00989010989011
3.0106959706959704
2.944615384615384
2.9631501831501827
2.8696703296703294
2.734285714285714
2.9478388278388277
2.9099633699633696
3.0187545787545784
2.896263736263736
2.929304029304029
3.0002197802197803
2.944615384615384
2.922051282051282
2.9357509157509156
2.768131868131868
2.9776556776556777
2.838241758241758
3.3
2.9550915750915747
2.826153846153846
2.948644688644688
2.8197069597069593
2.8253479853479853
2.926080586080586
2.864029304029304
2.8753113553113554
2.8857875457875455
2.4586813186813186
2.868864468864469
3.025201465201465
2.631135531135531
2.916410256410256
3.017948717948718
2.795531135531135
2.897069597069597
2.7987545787545787
2.6714285714285713
3.011501831501831
2.6907692307692304
2.8148717948717947
2.8857875457875455
2.681098901098901
2.929304029304029
2.8616117216117214
2.826153846153846
2.862417582417582
2.9317216117216116
2.8326007326007328
2.897069597069597
2.722197802197802
2.809230769230769
2.796336996336996
2.874505494505494
2.7745787545787546
2.8245421245421247
2.722197802197802
2.8696703296703294
2.6907692307692304
2.729450549450549
2.6585347985347982
2.7737728937728936
2.73992673992674
2.805201465201465
2.6528937728937727
2.792307692307692
2.7004395604395603
2.5545787545787544
2.8172893772893772
2.6706227106227103
2.8245421245421247
2.7326739926739925
2.598901098901099
2.739120879120879
2.715750915750916
2.523150183150183
2.723003663003663
2.753626373626373
2.664175824175824
2.771355311355311
2.574725274725275
2.7423443223443225
2.942197802197802
2.664175824175824
2.763296703296703
2.5876190476190475
2.5860073260073255
2.714945054945055
2.465128205128205
2.610989010989011
2.7286446886446885
2.544908424908425
2.65047619047619
2.7504029304029305
2.5118681318681313
2.626300366300366
2.59003663003663
2.634358974358974
2.3893772893772893
2.556996336996337
2.489304029304029
2.619047619047619
2.4312820512820514
2.556996336996337
2.51025641025641
2.3950183150183153
2.6279120879120876
2.5287912087912088
2.590842490842491
2.631135531135531
2.4610989010989006
2.638388278388278
2.5553846153846154
2.4095238095238094
2.589230769230769
2.6778754578754578
2.6077655677655676
2.5553846153846154
2.3909890109890113
2.386153846153846
2.5795604395604395
2.461904761904762
2.4925274725274726
2.5158974358974358
2.395824175824176
2.7084981684981684
2.4071062271062273
2.6037362637362635
2.6682051282051282
2.39018315018315
2.4071062271062273
2.5167032967032967
2.2523809523809524
2.4747985347985346
2.457875457875458
2.4490109890109886
2.46996336996337
2.331355311355311
2.4506227106227105
2.4264468864468864
2.277362637362637
2.4409523809523805
2.233040293040293
2.2161172161172162
2.4232234432234434
2.5416849816849814
2.3144322344322346
2.4586813186813186
2.2564102564102564
2.319267399267399
2.6238827838827836
2.2765567765567765
2.437728937728938
2.3547252747252747
2.277362637362637
2.348278388278388
2.2781684981684984
1.9799999999999998
2.374871794871795
2.237069597069597
2.3200732600732596
2.3426373626373627
2.1685714285714286
2.3555311355311352
2.501391941391941
2.2846153846153845
2.3684249084249083
2.3104029304029305
2.3547252747252747
2.39018315018315
2.2145054945054943
2.3466666666666667
2.2846153846153845
2.22981684981685
2.273333333333333
2.2757509157509155
2.187912087912088
2.2958974358974356
2.2008058608058607
2.1975824175824177
2.3297435897435896
2.158095238095238
2.323296703296703
2.2193406593406593
2.000952380952381
2.2443223443223443
2.082344322344322
2.2846153846153845
2.320879120879121
2.2096703296703297
2.1347252747252745
2.2233699633699633
2.1814652014652016
2.349084249084249
2.1967765567765567
2.2
2.204029304029304
1.925201465201465
2.0750915750915753
2.1726007326007326
2.023516483516483
2.1065201465201464
2.2104761904761903
2.013040293040293
2.1476190476190475
2.0525274725274727
2.0630036630036632
2.1411721611721615
1.9985347985347985
1.9493772893772894
2.082344322344322
1.9904761904761905
2.2064468864468862
2.07025641025641
2.0476923076923077
1.726959706959707
1.9799999999999998
2.0460805860805857
1.884908424908425
1.743076923076923
2.0694505494505493
2.037216117216117
2.0323809523809526
2.025128205128205
2.0186813186813186
1.9646886446886447
2.076703296703297
1.8035164835164834
2.021098901098901
1.9816117216117215
2.0605860805860807
2.0025641025641026
1.9622710622710622
1.8897435897435897
2.031575091575091
2.0202930402930406
1.9679120879120877
1.9703296703296704
1.9284249084249083
1.9816117216117215
1.975164835164835
1.8236630036630035
1.7785347985347983
1.8961904761904762
1.8816849816849817
2.1734065934065936
1.8139926739926737
1.8494505494505495
1.9727472527472527
1.793040293040293
1.759194139194139
1.8655677655677656
2.12989010989011
1.892967032967033
1.8067399267399267
1.6334798534798534
1.9203663003663003
1.6391208791208791
1.8784615384615382
1.955018315018315
1.7068131868131868
1.8575091575091576
1.6778021978021977
1.6592673992673992
1.8768498168498169
1.772087912087912
1.8115750915750914
1.7688644688644688
1.7132600732600731
1.6205860805860803
1.4932600732600732
1.6737728937728937
1.7583882783882783
1.726153846153846
1.7100366300366299
1.6286446886446884
1.6455677655677654
1.5335531135531135
1.78014652014652
1.6205860805860803
1.8824908424908424
1.6786080586080585
1.647985347985348
1.863150183150183
1.6431501831501831
1.7076190476190476
1.7535531135531133
1.5520879120879119
1.6641025641025642
1.7116483516483516
1.4997069597069594
1.7463003663003662
1.6874725274725275
1.5657875457875456
1.7463003663003662
1.5399999999999998
1.6882783882783883
1.7164835164835164
1.5182417582417582
1.7076190476190476
1.601245421245421
1.5335531135531135
1.5754578754578754
1.4368498168498167
1.6882783882783883
1.622197802197802
1.472307692307692
1.4819780219780219
1.2958241758241758
1.456996336996337
1.8107692307692307
1.4868131868131869
1.697142857142857
1.6947252747252746
1.4843956043956044
1.6778021978021977
1.6109157509157508
1.361098901098901
1.6197802197802198
1.6528205128205127
1.49003663003663
1.5665934065934066
1.5013186813186812
1.5238827838827838
1.5367765567765566
1.3893040293040293
1.5303296703296703
1.5279120879120878
1.4336263736263737
1.519047619047619
1.4553846153846153
1.3957509157509156
1.4473260073260072
1.311135531135531
1.29018315018315
1.3135531135531135
1.3312820512820511
1.5254945054945055
1.345787545787546
1.2998534798534798
1.4884249084249084
1.3546520146520145
1.3385347985347984
1.448131868131868
1.3393406593406592
1.4997069597069594
1.4553846153846153
1.1257875457875457
1.436043956043956
1.353846153846154
1.3208058608058608
1.4255677655677654
1.31032967032967
1.4078388278388276
1.4175091575091574
1.2724542124542124
1.353040293040293
1.236190476190476
1.0879120879120878
1.4070329670329669
1.3925274725274723
1.2128205128205127
1.382051282051282
1.314358974358974
1.216043956043956
1.3876923076923076
1.1644688644688646
0.9807326007326007
1.1886446886446886
1.0895238095238093
1.3707692307692305
1.1878388278388279
1.1233699633699634
1.314358974358974
1.1604395604395605
1.1854212454212454
1.253113553113553
1.2555311355311354
1.2627838827838826
1.3675457875457875
1.519047619047619
1.2692307692307692
1.1564102564102565
1.1612454212454213
1.3014652014652015
1.0605128205128205
1.2539194139194136
1.19992673992674
1.0315018315018316
1.2128205128205127
1.361904761904762
1.0814652014652013
1.1805860805860806
1.0032967032967033
1.1298168498168497
1.456190476190476
1.0097435897435896
1.220879120879121
1.1515750915750915
1.1386813186813185
1.1322344322344322
1.0274725274725274
1.033113553113553
1.1064468864468864
1.0008791208791208
0.9726739926739927
1.0677655677655677
0.6986813186813187
1.1273992673992674
0.954945054945055
1.0169963369963368
1.1821978021978021
1.0492307692307692
1.0548717948717947
1.0854945054945053
1.0105494505494506
1.1161172161172161
0.8098901098901099
0.8582417582417582
1.1080586080586081
1.0774358974358973
1.00007326007326
1.0242490842490843
0.9178754578754579
1.0016849816849815
1.216043956043956
0.9106227106227106
1.0967765567765568
0.9476923076923076
0.8574358974358974
0.8509890109890109
0.9396336996336996
1.0315018315018316
1.0564835164835165
0.738168498168498
0.9831501831501831
0.9065934065934066
0.9138461538461538
0.9839560439560439
0.7873260073260073
0.8276190476190476
0.971062271062271
0.7373626373626374
1.0323076923076924
0.8711355311355311
0.7808791208791208
0.9501098901098901
0.8767765567765566
0.8703296703296703
1.1265934065934065
0.4520879120879121
