1.1805860805860806
3.3
2.1105494505494504
0.2756043956043956
1.1749450549450549
3.1372161172161173
2.092820512820513
0.0
1.3514285714285712
3.3
2.011428571428571
0.0
1.2958241758241758
3.2290842490842486
2.0267399267399266
0.0
1.3353113553113551
3.296776556776557
1.938095238095238
0.10073260073260074
1.2337728937728938
3.3
1.9638827838827837
0.06688644688644688
1.3272527472527471
3.2186080586080585
2.082344322344322
0.1547252747252747
1.2716483516483517
3.258095238095238
2.0992673992673994
0.1378021978021978
1.1878388278388279
3.2774358974358972
2.049304029304029
0.058827838827838826
1.1693040293040293
3.2613186813186807
2.133919413919414
0.0032234432234432234
1.1346520146520145
3.3
2.104102564102564
0.10073260073260074
1.3240293040293039
3.3
2.0323809523809526
0.0
1.3256410256410256
3.3
2.1613186813186815
0.0
1.3893040293040293
3.295970695970696
1.9517948717948717
0.2465934065934066
1.3788278388278385
3.2709890109890107
1.9493772893772894
0.08300366300366299
1.3683516483516482
3.2049084249084245
2.0219047619047616
0.14666666666666667
1.31032967032967
3.2838827838827838
2.0227106227106226
0.14344322344322344
1.0766300366300368
3.174285714285714
2.0654212454212453
0.09106227106227106
1.1596336996336996
3.1855677655677654
2.2394871794871793
0.0
1.2144322344322342
3.3
2.1452014652014655
0.0
1.2353846153846153
3.3
2.1105494505494504
0.09589743589743589
1.3167765567765568
3.3
1.9816117216117215
0.0
1.3046886446886445
3.3
1.8824908424908424
0.06446886446886448
1.3933333333333333
3.1476923076923073
1.892967032967033
0.09831501831501831
1.3562637362637362
3.2298901098901096
1.8776556776556776
0.14586080586080585
1.2926007326007325
3.1098168498168497
1.9719413919413917
0.0
1.3046886446886445
3.192014652014652
2.096043956043956
0.17487179487179486
1.2232967032967033
3.232307692307692
2.112161172161172
0.11443223443223442
1.1894505494505494
3.2016849816849815
2.0976556776556774
0.0
1.2813186813186814
3.3
2.0267399267399266
0.0
1.443296703296703
3.3
1.9679120879120877
0.0
1.4287912087912087
3.3
1.9042490842490842
0.0
1.299047619047619
3.2685714285714282
1.8075457875457874
0.04673992673992673
1.419120879120879
3.0969230769230767
1.9356776556776556
0.13538461538461538
1.3876923076923076
3.1928205128205125
2.1266666666666665
0.022564102564102562
1.3079120879120878
3.1356043956043953
1.9888644688644688
0.0838095238095238
1.2652014652014651
3.175897435897436
2.088791208791209
0.07575091575091575
1.2966300366300365
3.2806593406593403
2.1073260073260074
0.0
1.228937728937729
3.2049084249084245
2.0380219780219777
0.0967032967032967
1.2345787545787545
3.3
2.129084249084249
0.0
1.3224175824175823
3.3
1.9026373626373625
0.16600732600732598
1.3933333333333333
3.2637362637362637
1.8623443223443221
0.13377289377289375
1.3006593406593405
3.2355311355311356
1.876043956043956
0.19663003663003661
1.4336263736263737
3.3
1.9687179487179487
0.13135531135531134
1.3667399267399265
3.1855677655677654
2.1234432234432234
0.06769230769230769
1.464249084249084
3.3
2.031575091575091
0.040293040293040296
1.3006593406593405
3.1347985347985348
2.1073260073260074
0.0
1.3836630036630035
3.3
2.1105494505494504
0.020146520146520148
1.3208058608058608
3.2806593406593403
1.925201465201465
0.0
1.266007326007326
3.3
1.8647619047619046
0.0
1.411062271062271
3.2597069597069597
1.8526739926739926
0.04673992673992673
1.456996336996337
3.232307692307692
1.7704761904761903
0.19018315018315018
1.4078388278388276
3.1484981684981683
2.0202930402930406
0.07413919413919413
1.2313553113553113
3.266153846153846
1.975164835164835
0.029816849816849816
1.3079120879120878
3.1090109890109887
2.0396336996336997
0.06446886446886448
1.203956043956044
3.232307692307692
2.12989010989011
0.0
1.2885714285714285
3.1484981684981683
1.9679120879120877
0.04351648351648351
1.464249084249084
3.3
1.8647619047619046
0.0
1.4158974358974357
3.1992673992673994
1.8768498168498169
0.09267399267399268
1.448131868131868
3.2129670329670326
1.9066666666666665
0.09589743589743589
1.598021978021978
3.1484981684981683
1.9235897435897436
0.0
1.3465934065934064
3.1098168498168497
2.1153846153846154
0.10476190476190476
1.2853479853479854
3.2387545787545786
2.0750915750915753
0.10315018315018315
1.2055677655677657
3.3
1.9896703296703295
0.0
1.2627838827838826
3.3
1.9493772893772894
0.019340659340659337
1.502930402930403
3.3
1.8639560439560439
0.0
1.4980952380952381
3.0888644688644686
1.7164835164835164
0.1934065934065934
1.4046153846153846
3.2476190476190476
1.7317948717948717
0.14908424908424908
1.4102564102564104
3.1452747252747253
1.938095238095238
0.03304029304029304
1.4038095238095236
3.1952380952380954
1.967106227106227
0.023369963369963366
1.4336263736263737
3.3
1.9936996336996335
0.019340659340659337
1.3264468864468864
3.3
2.011428571428571
0.0
1.4980952380952381
3.3
1.9227838827838826
0.0
1.3876923076923076
3.244395604395604
1.8567032967032966
0.0
1.5706227106227106
3.3
1.9058608058608058
0.038681318681318674
1.656043956043956
3.3
1.8099633699633697
0.09831501831501831
1.4819780219780219
2.8938461538461535
1.884908424908425
0.13538461538461538
1.3385347985347984
3.2403663003663
1.8695970695970696
0.05641025641025641
1.3006593406593405
3.1936263736263735
1.934065934065934
0.0
1.306300366300366
3.3
2.0396336996336997
0.0
1.6028571428571428
3.3
1.884102564102564
0.07736263736263735
1.49003663003663
3.2838827838827838
1.8325274725274725
0.0
1.5367765567765566
3.3
1.726153846153846
0.0
1.5206593406593405
3.2347252747252746
1.7978754578754577
0.0
1.4972893772893772
3.3
1.9775824175824175
0.17648351648351646
1.4376556776556777
3.182344322344322
1.996117216117216
0.15794871794871793
1.382051282051282
3.3
1.9727472527472527
0.049157509157509154
1.4916483516483514
3.3
1.991282051282051
0.0
1.4634432234432233
3.3
1.8647619047619046
0.0
1.4803663003663001
3.3
1.8075457875457874
0.0
1.6173626373626373
3.3
1.767252747252747
0.18373626373626373
1.5287179487179485
3.2258608058608056
1.7938461538461536
0.09106227106227106
1.5287179487179485
3.25003663003663
1.9848351648351648
0.12249084249084248
1.476336996336996
3.19040293040293
1.8824908424908424
0.0
1.3046886446886445
3.20007326007326
2.0396336996336997
0.03706959706959707
1.3135531135531135
3.1928205128205125
1.9187545787545786
0.0
1.3643223443223442
3.3
1.9622710622710622
0.0
1.5198534798534797
3.3
1.9235897435897436
0.0
1.5061538461538462
3.248424908424908
1.7728937728937728
0.0
1.627032967032967
3.2637362637362637
1.76
0.045128205128205125
1.5077655677655677
3.241978021978022
1.7656410256410255
0.008864468864468863
1.5367765567765566
3.077582417582417
1.8712087912087911
0.17648351648351646
1.1733333333333333
3.216190476190476
1.6689377289377287
0.03545787545787545
1.4070329670329669
3.20007326007326
1.9147252747252745
0.0
1.4287912087912087
3.3
1.8333333333333333
0.0
1.4384615384615385
3.3
1.768058608058608
0.0
1.5432234432234433
3.3
1.967106227106227
0.0
1.5061538461538462
3.2887179487179488
1.7342124542124542
0.058827838827838826
1.5238827838827838
3.2032967032967035
1.789010989010989
0.0
1.4102564102564104
3.17992673992674
1.8623443223443221
0.13377289377289375
1.3731868131868132
3.158168498168498
1.9316483516483516
0.025787545787545788
1.4070329670329669
3.2806593406593403
1.9106959706959705
0.0
1.2611721611721611
3.3
1.9477655677655676
0.033846153846153845
1.49003663003663
3.3
1.8252747252747252
0.0
1.5923809523809522
3.3
1.7712820512820513
0.0
1.5875457875457875
3.2669597069597067
1.7132600732600731
0.08864468864468865
1.5867399267399267
3.241978021978022
1.6399267399267399
0.14989010989010987
1.5553113553113553
3.2129670329670326
2.1073260073260074
0.18695970695970693
1.4586080586080585
3.133992673992674
1.8478388278388278
0.044322344322344324
1.3852747252747253
3.19040293040293
1.772087912087912
0.0
1.5117948717948717
3.3
1.863150183150183
0.00402930402930403
1.4529670329670328
3.3
1.7793406593406593
0.0
1.4674725274725273
3.3
1.8010989010989011
0.0
1.6076923076923078
3.3
1.7035897435897436
0.0
1.602051282051282
3.3
1.7978754578754577
0.0709157509157509
1.4626373626373625
3.232307692307692
1.8107692307692307
0.19904761904761903
1.4835897435897434
3.0276190476190474
1.9074725274725273
0.055604395604395604
1.5424175824175823
3.3
1.8317216117216117
0.2610989010989011
1.3482051282051282
3.3
1.8736263736263736
0.0
1.4586080586080585
3.3
1.6318681318681318
0.0
1.6076923076923078
3.3
1.7535531135531133
0.0
1.6044688644688643
3.2943589743589743
1.7382417582417582
0.05238095238095238
1.569010989010989
3.232307692307692
1.6149450549450548
0.041098901098901096
1.6028571428571428
3.2250549450549446
1.7785347985347983
0.3304029304029304
1.6197802197802198
3.2298901098901096
1.8244688644688645
0.1257142857142857
1.598021978021978
3.228278388278388
1.876043956043956
0.012893772893772894
1.432014652014652
3.3
1.8075457875457874
0.0
1.4618315018315018
3.3
1.9042490842490842
0.012893772893772894
1.4505494505494505
3.3
1.7495238095238093
0.0
1.701172161172161
3.3
1.6697435897435897
0.011282051282051281
1.6125274725274723
3.3
1.6294505494505493
0.11523809523809524
1.6068864468864468
3.2258608058608056
1.722930402930403
0.0709157509157509
1.5553113553113553
3.208131868131868
1.7535531135531133
0.0701098901098901
1.593186813186813
3.2210256410256406
1.8768498168498169
0.1104029304029304
1.5287179487179485
3.2153846153846155
1.8558974358974358
0.0
1.6068864468864468
3.3
1.8228571428571427
0.0
1.569010989010989
3.3
1.7148717948717949
0.0
1.6568498168498167
3.3
1.5947985347985347
0.0
1.6689377289377287
3.3
1.6463736263736264
0.15794871794871793
1.7543589743589743
3.2452014652014647
1.8010989010989011
0.0
1.6576556776556775
3.2226373626373626
1.6076923076923078
0.09428571428571428
1.5263003663003663
3.3
1.7914285714285714
0.05802197802197802
1.4803663003663001
3.3
1.7809523809523808
0.007252747252747252
1.5383882783882783
3.3
1.8180219780219777
0.0
1.5198534798534797
3.3
1.768058608058608
0.0
1.6939194139194138
3.3
1.7245421245421246
0.0
1.6592673992673992
3.3
1.6810256410256408
0.0
1.5996336996336997
3.287106227106227
1.93003663003663
0.2071062271062271
1.6399267399267399
3.3
1.6697435897435897
0.08461538461538462
1.6632967032967032
3.1936263736263735
1.6963369963369963
0.07575091575091575
1.6947252747252746
3.25003663003663
1.7753113553113553
0.12249084249084248
1.5263003663003663
3.3
1.7946520146520146
0.0
1.5480586080586078
3.3
1.598021978021978
0.0
1.5706227106227106
3.3
1.7446886446886447
0.0
1.5238827838827838
3.3
1.6939194139194138
0.0
1.884908424908425
3.3
1.6197802197802198
0.06446886446886448
1.6890842490842488
3.3
1.6205860805860803
0.07413919413919413
1.7736996336996336
3.2476190476190476
1.6632967032967032
0.17003663003663003
1.6036630036630037
3.2032967032967035
1.7003663003663003
0.051575091575091575
1.5794871794871794
3.1895970695970695
1.8188278388278387
0.03545787545787545
1.5327472527472525
3.3
1.8002930402930402
0.09589743589743589
1.5077655677655677
3.1484981684981683
1.7882051282051281
0.0
1.5706227106227106
3.3
1.6915018315018315
0.0
1.6318681318681318
3.3
1.631062271062271
0.0
1.709230769230769
3.3
1.7406593406593407
0.02498168498168498
1.5883516483516482
3.3
1.5802930402930402
0.12652014652014654
1.6890842490842488
3.299194139194139
1.5778754578754577
0.08139194139194138
1.4980952380952381
3.236336996336996
1.7946520146520146
0.1506959706959707
1.6165567765567763
3.2145787545787545
1.7543589743589743
0.3215384615384615
1.5263003663003663
3.3
1.859120879120879
0.0
1.4545787545787545
3.2290842490842486
1.7624175824175823
0.05802197802197802
1.5915750915750915
3.3
1.6834432234432235
0.0
1.6197802197802198
3.3
1.6890842490842488
0.0
1.7366300366300367
3.3
1.581904761904762
0.020146520146520148
1.78014652014652
3.2669597069597067
1.5738461538461537
0.09025641025641025
1.6697435897435897
3.27018315018315
1.5947985347985347
0.17890109890109887
1.6649084249084247
3.3
1.7946520146520146
0.1797069597069597
1.6898901098901098
3.2145787545787545
1.7753113553113553
0.0
1.5746520146520147
3.3
1.7608058608058608
0.3199267399267399
1.5383882783882783
3.3
1.5722344322344322
0.0
1.759194139194139
3.3
1.6447619047619046
0.0
1.647985347985348
3.3
1.6044688644688643
0.02095238095238095
1.7124542124542124
3.3
1.502930402930403
0.0
1.8309157509157508
3.274212454212454
1.5126007326007325
0.1241025641025641
1.747106227106227
3.3
1.510989010989011
0.07413919413919413
1.8010989010989011
3.2822710622710622
1.7124542124542124
0.08139194139194138
1.5964102564102562
3.2258608058608056
1.6778021978021977
0.22967032967032966
1.7253479853479852
3.2089377289377286
1.8309157509157508
0.06688644688644688
1.5802930402930402
3.3
1.7060073260073259
0.00805860805860806
1.6673260073260072
3.3
1.6931135531135528
0.0
1.4964835164835164
3.3
1.6004395604395603
0.0
1.6947252747252746
3.3
1.5335531135531135
0.11282051282051282
1.9316483516483516
3.2597069597069597
1.6238095238095238
0.0
1.7043956043956043
3.2435897435897436
1.6415384615384614
0.14102564102564102
1.7293772893772892
3.179120879120879
1.5472527472527473
0.11282051282051282
1.6987545787545786
3.2887179487179488
1.7882051282051281
0.19179487179487179
1.6415384615384614
3.171062271062271
1.7003663003663003
0.0
1.6616849816849815
3.3
1.8010989010989011
0.02659340659340659
1.606080586080586
3.3
1.627032967032967
0.0
1.564175824175824
3.3
1.6205860805860803
0.0
1.6592673992673992
3.3
1.627032967032967
0.0
1.8317216117216117
3.2347252747252746
1.6447619047619046
0.021758241758241755
1.859120879120879
3.2548717948717947
1.5577289377289376
0.08945054945054944
1.6552380952380952
3.1275457875457873
1.6399267399267399
0.09912087912087912
1.743076923076923
3.2186080586080585
1.6125274725274723
0.049157509157509154
1.6318681318681318
3.252454212454212
1.7495238095238093
0.0
1.6318681318681318
3.3
1.7100366300366299
0.0
1.5778754578754577
3.3
1.3925274725274723
0.0
1.7898168498168496
3.3
1.6004395604395603
0.0
1.8196336996336995
3.3
1.5722344322344322
0.0
1.8913553113553112
3.2347252747252746
1.5488644688644688
0.05963369963369963
1.7857875457875456
3.274212454212454
1.6600732600732602
0.0
1.6133333333333333
3.2822710622710622
1.7253479853479852
0.08703296703296702
1.5665934065934066
3.2806593406593403
1.7962637362637361
0.0
1.647985347985348
3.3
1.627032967032967
0.0
1.6455677655677654
3.3
1.5585347985347986
0.11765567765567765
1.73018315018315
3.3
1.5585347985347986
0.029816849816849816
1.7608058608058608
3.3
1.5915750915750915
0.07655677655677656
1.9042490842490842
3.3
1.5198534798534797
0.13538461538461538
1.8067399267399267
3.2766300366300363
1.6036630036630037
0.11684981684981685
1.7108424908424908
3.20007326007326
1.6931135531135528
0.0032234432234432234
1.6657142857142855
3.3
1.6947252747252746
0.04593406593406593
1.6286446886446884
3.3
1.510989010989011
0.0
1.4964835164835164
3.3
1.5649816849816849
0.0
1.7495238095238093
3.3
1.5915750915750915
0.0
1.8704029304029302
3.3
1.4860073260073259
0.09025641025641025
1.8317216117216117
3.1219047619047617
1.4940659340659341
0.10315018315018315
1.9348717948717946
3.2637362637362637
1.3586813186813185
0.033846153846153845
1.7406593406593407
3.192014652014652
1.705201465201465
0.09589743589743589
1.6745787545787545
3.1356043956043953
1.4980952380952381
0.0
1.427985347985348
3.3
1.7108424908424908
0.014505494505494505
1.6729670329670328
3.3
1.6616849816849815
0.04673992673992673
1.6915018315018315
3.3
1.5117948717948717
0.0
1.822051282051282
3.3
1.510989010989011
0.08783882783882783
1.8639560439560439
3.248424908424908
1.476336996336996
0.045128205128205125
1.8607326007326006
3.3
1.5480586080586078
0.07736263736263735
1.909084249084249
3.20007326007326
1.5399999999999998
0.14666666666666667
1.9042490842490842
3.2315018315018316
1.5158241758241757
0.07655677655677656
1.8067399267399267
3.2597069597069597
1.697142857142857
0.10476190476190476
1.7084249084249084
3.236336996336996
1.743076923076923
0.0
1.7970695970695971
3.3
1.5947985347985347
0.0
1.755970695970696
3.3
1.4892307692307691
0.0
1.888131868131868
3.3
1.1975091575091577
0.006446886446886447
1.7865934065934064
3.3
1.4094505494505494
0.040293040293040296
1.888131868131868
3.3
1.464249084249084
0.007252747252747252
1.7769230769230768
3.187179487179487
1.4328205128205127
0.13377289377289375
1.722124542124542
3.1356043956043953
1.6197802197802198
0.0
1.7293772893772892
3.2887179487179488
1.7463003663003662
0.0
1.6834432234432235
3.3
1.5093772893772892
0.05479853479853479
1.822051282051282
3.3
1.3957509157509156
0.0
1.917142857142857
3.3
1.476336996336996
0.0
1.8832967032967032
3.2476190476190476
1.431208791208791
0.049157509157509154
1.8704029304029302
3.2629304029304027
1.4424908424908425
0.08139194139194138
1.7946520146520146
3.1694505494505494
1.5093772893772892
0.20146520146520147
1.755970695970696
3.1936263736263735
1.6608791208791207
0.06285714285714285
1.6544322344322344
3.3
1.7317948717948717
0.0
1.7245421245421246
3.3
1.5996336996336997
0.09186813186813186
1.76
3.3
1.411062271062271
0.0
1.8558974358974358
3.3
1.3522344322344322
0.0
1.9026373626373625
3.2032967032967035
1.4578021978021978
0.0
1.6632967032967032
3.2057142857142855
1.5093772893772892
0.040293040293040296
1.8252747252747252
3.1767032967032964
1.5408058608058606
0.07736263736263735
1.6939194139194138
3.175897435897436
1.6802197802197802
0.020146520146520148
1.73018315018315
3.3
1.6205860805860803
0.0
1.7535531135531133
3.3
1.4835897435897434
0.0
2.0525274725274727
3.3
1.345787545787546
0.0
1.8687912087912089
3.2186080586080585
1.3715750915750915
0.08461538461538462
1.9332600732600733
3.3
1.3216117216117216
0.12087912087912088
1.8873260073260072
3.1968498168498165
1.4553846153846153
0.01531135531135531
1.7728937728937728
3.224249084249084
1.5609523809523809
0.040293040293040296
1.8091575091575092
3.2629304029304027
1.2917948717948717
0.0
1.7793406593406593
3.3
1.5778754578754577
0.0
1.8679853479853479
3.3
1.3691575091575092
0.0
1.884102564102564
3.3
1.423956043956044
0.1515018315018315
1.9187545787545786
3.3
1.3417582417582417
0.09750915750915749
1.9268131868131866
3.2258608058608056
1.3884981684981683
0.058827838827838826
2.033186813186813
3.1597802197802194
1.5093772893772892
0.16197802197802197
1.772087912087912
3.2194139194139195
1.5238827838827838
0.0
1.6906959706959706
3.3
1.5496703296703296
0.0709157509157509
1.759194139194139
3.3
1.4916483516483514
0.0
1.8107692307692307
3.3
1.6624908424908424
0.0
1.8752380952380951
3.3
1.3764102564102563
0.0
1.8518681318681318
3.1605860805860804
1.3828571428571428
0.025787545787545788
2.0396336996336997
3.244395604395604
1.4038095238095236
0.09509157509157509
1.9034432234432233
3.2186080586080585
1.4747252747252748
0.15633699633699633
1.6737728937728937
3.202490842490842
1.3304761904761904
0.0
1.8293040293040292
3.2371428571428567
1.5367765567765566
0.0
1.7446886446886447
3.3
1.6528205128205127
0.0
1.8454212454212455
3.3
1.4118681318681316
0.02901098901098901
1.8905494505494504
3.3
1.4167032967032966
0.0419047619047619
1.950989010989011
3.3
1.4005860805860806
0.0
1.8494505494505495
3.2613186813186807
1.4094505494505494
0.19743589743589743
1.9945054945054945
3.2838827838827838
1.4537728937728938
0.10959706959706958
2.0106227106227106
3.2129670329670326
1.5432234432234433
0.12087912087912088
1.7986813186813186
3.3
1.5045421245421244
0.0
1.7084249084249084
3.3
1.4626373626373625
0.025787545787545788
1.8784615384615382
3.3
1.4223443223443224
0.13054945054945055
1.9469597069597069
