1.7793406593406593
0.6817582417582417
0.10637362637362636
0.05721611721611721
0.5471794871794872
1.6697435897435897
2.6625641025641023
3.1356043956043953
3.2532600732600727
2.7737728937728936
1.6681318681318682
0.5858608058608058
0.21597069597069596
0.1087912087912088
0.5778021978021978
1.6109157509157508
2.702051282051282
2.9349450549450546
3.138827838827839
2.739120879120879
1.8655677655677656
0.6164835164835165
0.249010989010989
0.0
0.5915018315018314
1.7084249084249084
2.6617582417582417
3.0840293040293036
3.1936263736263735
2.7423443223443225
1.5746520146520147
0.6438827838827839
0.20065934065934063
0.13054945054945055
0.5786080586080586
1.6125274725274723
2.697216117216117
3.1122344322344317
3.1178754578754577
2.703663003663004
1.5883516483516482
0.6116483516483516
0.18615384615384614
0.21516483516483514
0.5906959706959707
1.7454945054945052
2.6585347985347982
3.0808058608058606
3.138827838827839
2.739120879120879
1.5005128205128204
0.6616117216117215
0.22483516483516483
0.136996336996337
0.5786080586080586
1.8139926739926737
2.7487912087912085
3.1484981684981683
3.1146520146520147
2.747179487179487
1.5706227106227106
0.5487912087912087
0.21516483516483514
0.025787545787545788
0.5963369963369963
1.5754578754578754
2.76007326007326
3.1291575091575092
3.1775091575091574
2.739120879120879
1.7946520146520146
0.6116483516483516
0.20468864468864467
0.23772893772893772
0.5963369963369963
1.652014652014652
2.745567765567765
3.1347985347985348
3.1275457875457873
2.7487912087912085
1.5746520146520147
0.4972161172161172
0.14827838827838827
0.13296703296703297
0.6237362637362637
1.6076923076923078
2.7487912087912085
3.1775091575091574
3.19040293040293
2.7778021978021976
1.859120879120879
0.73010989010989
0.09509157509157509
0.22644688644688643
0.5826373626373627
1.6552380952380952
2.7165567765567764
3.142051282051282
3.1726739926739924
2.7205860805860804
1.7664468864468863
0.6463003663003662
0.04835164835164835
0.13054945054945055
0.5931135531135531
1.5786813186813187
2.6778754578754578
3.069523809523809
3.1694505494505494
2.7407326007326005
1.6358974358974359
0.6172893772893773
0.12893772893772895
0.1708424908424908
0.6052014652014651
1.6125274725274723
2.745567765567765
3.256483516483516
3.1646153846153844
2.723003663003663
1.531135531135531
0.6317948717948717
0.09589743589743589
0.20871794871794871
0.5439560439560439
1.6205860805860803
2.741538461538461
3.2838827838827838
3.1331868131868132
2.7068864468864464
1.5625641025641026
0.5971428571428571
0.10315018315018315
0.1829304029304029
0.6043956043956044
1.5303296703296703
2.697216117216117
3.216190476190476
3.1565567765567764
2.6835164835164833
1.9002197802197802
0.547985347985348
0.07413919413919413
0.2756043956043956
0.6599999999999999
1.5536996336996336
2.8374358974358973
3.20007326007326
3.1162637362637358
2.697216117216117
1.743076923076923
0.5963369963369963
0.09912087912087912
0.19179487179487179
0.6326007326007326
1.5222710622710622
2.8358241758241753
3.1928205128205125
3.163003663003663
2.6794871794871793
1.7205128205128206
0.718021978021978
0.0
0.0
0.672893772893773
1.8647619047619046
2.747985347985348
3.237948717948718
3.1307692307692307
2.6545054945054942
1.7446886446886447
0.6366300366300366
0.0
0.1547252747252747
0.6801465201465201
1.7873992673992674
2.8906227106227105
3.1613919413919414
3.1533333333333333
2.6698168498168497
1.8188278388278387
0.6487179487179487
0.025787545787545788
0.2562637362637362
0.6527472527472528
1.6117216117216118
2.8068131868131867
3.262124542124542
3.0936996336996336
2.6585347985347982
1.846227106227106
0.601978021978022
0.014505494505494505
0.20871794871794871
0.676923076923077
1.5021245421245422
2.673040293040293
3.3
3.1194871794871792
2.608571428571428
1.7172893772893771
0.41904761904761906
0.0
0.28124542124542123
0.7019047619047618
1.6375091575091574
2.576336996336996
3.287106227106227
3.183150183150183
2.5698901098901095
1.7704761904761903
0.6632234432234432
0.008864468864468863
0.1394139194139194
0.7413919413919414
1.4779487179487178
2.6448351648351647
3.3
3.178315018315018
2.6134065934065935
1.7172893772893771
0.6164835164835165
0.0
0.22
0.7615384615384615
1.5649816849816849
2.718168498168498
3.3
3.0904761904761906
2.5876190476190475
1.8510622710622708
0.6648351648351648
0.09186813186813186
0.1652014652014652
0.7502564102564102
1.7446886446886447
2.570695970695971
3.3
3.1605860805860804
2.5263736263736263
1.8196336996336995
0.6535531135531135
0.03223443223443224
0.1805128205128205
0.7389743589743589
1.6431501831501831
2.6416117216117216
3.3
3.045347985347985
2.6037362637362635
1.6915018315018315
0.61003663003663
0.019340659340659337
0.08864468864468865
0.7945787545787545
1.7882051282051281
2.7769963369963366
3.3
3.0936996336996336
2.552967032967033
1.759194139194139
0.6938461538461538
0.0
0.11362637362637361
0.7776556776556777
1.6963369963369963
2.6359706959706957
3.3
3.248424908424908
2.444175824175824
1.585128205128205
0.7865201465201465
0.0
0.09428571428571428
0.8324542124542124
1.7060073260073259
2.531208791208791
3.3
3.2935531135531133
2.631135531135531
1.7148717948717949
0.9065934065934066
0.027399267399267395
0.020146520146520148
0.7889377289377288
1.6133333333333333
2.759267399267399
3.3
3.3
2.532014652014652
1.6713553113553112
0.7172161172161172
0.0
0.00805860805860806
0.8276190476190476
1.5045421245421244
2.581172161172161
3.3
3.3
2.5586080586080584
1.7608058608058608
0.7454212454212454
0.05963369963369963
0.0
0.7631501831501831
1.6463736263736264
2.5618315018315014
3.2774358974358972
3.2387545787545786
2.4909157509157507
1.5964102564102562
0.7365567765567765
0.05479853479853479
0.06043956043956044
0.8106959706959707
1.6866666666666665
2.494139194139194
3.3
3.103369963369963
2.5457142857142854
1.6995604395604396
0.6753113553113552
0.0
0.08219780219780219
0.7873260073260073
1.7019780219780218
2.574725274725275
3.3
3.158974358974359
2.457875457875458
1.7043956043956043
0.9742857142857142
0.0
0.1805128205128205
0.7728205128205128
1.623003663003663
2.5860073260073255
3.3
3.1734798534798534
2.519120879120879
1.3868864468864468
0.8219780219780219
0.06285714285714285
0.0709157509157509
0.7905494505494505
1.6657142857142855
2.763296703296703
3.3
3.2371428571428567
2.548937728937729
1.5577289377289376
0.8582417582417582
0.010476190476190476
0.1232967032967033
0.8663003663003663
1.6786080586080585
2.5038095238095233
3.3
3.1307692307692307
2.544102564102564
1.722124542124542
0.8598534798534798
0.0
0.010476190476190476
0.7994139194139194
1.7326007326007327
2.483663003663003
3.3
3.0324542124542124
2.5424908424908423
1.4972893772893772
0.734139194139194
0.0
0.022564102564102562
0.9082051282051282
1.5714285714285714
2.5424908424908423
3.3
3.2943589743589743
2.4675457875457876
1.6641025641025642
0.7760439560439559
0.009670329670329669
0.0
0.7244688644688644
1.6197802197802198
2.715750915750916
3.3
3.2387545787545786
2.5038095238095233
1.3675457875457875
0.7752380952380952
0.0
0.0
0.7808791208791208
1.7793406593406593
2.5755311355311354
3.3
3.3
2.535238095238095
1.61010989010989
0.726080586080586
0.044322344322344324
0.0
0.7913553113553113
1.8510622710622708
2.5586080586080584
3.256483516483516
2.897069597069597
2.5142857142857142
1.6592673992673992
0.7744322344322344
0.07978021978021978
0.08300366300366299
0.7792673992673993
1.6874725274725275
2.632747252747252
3.241978021978022
3.3
2.6867399267399263
1.7503296703296702
0.6035897435897436
0.0032234432234432234
0.051575091575091575
0.8751648351648351
1.755164835164835
2.5634432234432234
3.3
3.3
2.432087912087912
1.6649084249084247
0.697069597069597
0.055604395604395604
0.22
0.8292307692307692
1.905054945054945
2.568278388278388
3.3
3.296776556776557
2.3805128205128203
1.6117216117216118
0.6825641025641025
0.06205128205128205
0.013699633699633697
0.8727472527472526
1.7414652014652012
2.5295970695970693
3.2935531135531133
3.3
2.5199267399267398
1.6334798534798534
0.7776556776556777
0.045128205128205125
0.14908424908424908
0.8364835164835164
1.7084249084249084
2.574725274725275
3.2468131868131866
3.2927472527472528
2.5094505494505492
1.4384615384615385
0.6479120879120879
0.055604395604395604
0.0
0.8542124542124542
1.747106227106227
2.6561172161172157
3.2476190476190476
3.3
2.5537728937728934
1.5319413919413918
0.5221978021978022
0.13216117216117215
0.0
0.8284249084249083
1.755970695970696
2.566666666666667
3.3
3.269377289377289
2.49010989010989
1.5045421245421244
0.7252747252747253
0.09831501831501831
0.0
0.8421245421245421
1.722124542124542
2.626300366300366
3.2774358974358972
3.2597069597069597
2.4127472527472524
1.697142857142857
0.6277655677655677
0.0967032967032967
0.20388278388278389
0.7059340659340658
1.854285714285714
2.6690109890109888
3.2838827838827838
3.2935531135531133
2.5223443223443223
1.4626373626373625
0.8147252747252747
0.07333333333333333
0.0
0.8356776556776556
1.7172893772893771
2.5384615384615383
3.2290842490842486
3.1807326007326004
2.5126739926739927
1.5045421245421244
0.7228571428571429
0.047545787545787546
0.07897435897435896
0.7784615384615384
1.8454212454212455
2.6520879120879117
3.2726007326007323
3.3
2.51025641025641
1.4134798534798534
0.6753113553113552
0.08864468864468865
0.002417582417582417
0.8429304029304029
1.8139926739926737
2.594065934065934
3.2532600732600727
3.1936263736263735
2.576336996336996
1.49003663003663
0.6108424908424909
0.0693040293040293
0.0
0.7679853479853479
1.8558974358974358
2.556996336996337
3.187179487179487
3.3
2.6456410256410257
1.5005128205128204
0.552014652014652
0.1635897435897436
0.0
0.888058608058608
1.8558974358974358
2.647252747252747
3.1968498168498165
3.2194139194139195
2.5698901098901095
1.5045421245421244
0.7002930402930403
0.1635897435897436
0.004835164835164834
0.7446153846153846
1.8575091575091576
2.6375824175824176
3.2476190476190476
3.2774358974358972
2.564249084249084
1.5456410256410256
0.7446153846153846
0.1394139194139194
0.0
0.7768498168498168
1.872014652014652
2.6295238095238096
3.2887179487179488
3.3
2.602930402930403
1.4843956043956044
0.6374358974358973
0.3094505494505494
0.36989010989010984
0.6446886446886447
1.8865201465201464
2.8326007326007328
3.163809523809524
3.3
2.5594139194139194
1.427985347985348
0.7325274725274725
0.1418315018315018
0.09347985347985346
0.7575091575091575
1.9477655677655676
2.502197802197802
3.1372161172161173
3.3
2.5553846153846154
1.4924542124542124
0.6688644688644688
0.0
0.21838827838827837
0.7776556776556777
1.9284249084249083
2.59003663003663
3.174285714285714
2.9567032967032962
2.642417582417582
1.4336263736263737
0.6003663003663003
0.1402197802197802
0.0
0.7244688644688644
1.838168498168498
2.6625641025641023
3.1565567765567764
3.3
2.6117948717948716
1.5569230769230769
0.630989010989011
0.16197802197802197
0.19824175824175824
0.6954578754578754
1.8252747252747252
2.6198534798534796
3.1275457875457873
3.3
2.6545054945054942
1.5142124542124542
0.6664468864468864
0.1257142857142857
0.05238095238095238
0.6221245421245422
1.901025641025641
2.7407326007326005
3.171868131868132
3.2306959706959706
2.6536996336996337
1.357875457875458
0.8340659340659341
0.15633699633699633
0.019340659340659337
0.7663736263736263
1.892967032967033
2.727032967032967
3.1517216117216114
3.3
2.7125274725274724
1.5432234432234433
0.39164835164835166
0.16117216117216118
0.07413919413919413
0.7405860805860806
1.8978021978021977
2.639194139194139
3.1412454212454213
3.3
2.626300366300366
1.5601465201465199
0.6285714285714286
0.15714285714285714
0.0967032967032967
0.6906227106227106
1.8736263736263736
2.6964102564102563
3.1356043956043953
3.2669597069597067
2.5465201465201464
1.4336263736263737
0.6777289377289376
0.14505494505494507
0.10959706959706958
0.7389743589743589
1.8357509157509158
2.9510622710622707
3.154945054945055
3.2306959706959706
2.606959706959707
1.448131868131868
0.7583150183150182
0.14424908424908423
0.14505494505494507
0.70996336996337
1.8156043956043955
2.6375824175824176
3.1613919413919414
3.132380952380952
2.615018315018315
1.519047619047619
0.7228571428571429
0.1402197802197802
0.045128205128205125
0.6986813186813187
1.8075457875457874
2.787472527472527
3.1694505494505494
3.269377289377289
2.6134065934065935
1.7398534798534797
0.15311355311355312
0.1515018315018315
0.0
0.7212454212454212
1.8333333333333333
2.4965567765567767
3.2169963369963366
3.1202930402930398
2.609377289377289
1.4852014652014651
0.5076923076923077
0.1515018315018315
0.0854212454212454
0.726080586080586
1.7575824175824175
2.6037362637362635
3.171062271062271
3.232307692307692
2.5916483516483515
1.531135531135531
0.7268864468864469
0.1378021978021978
0.22564102564102564
0.6938461538461538
1.7148717948717949
3.0163369963369964
3.2032967032967035
3.2838827838827838
2.59003663003663
1.510989010989011
0.6116483516483516
0.15714285714285714
0.0
0.8187545787545787
1.8953846153846152
2.7423443223443225
3.2032967032967035
3.3
2.576336996336996
1.402197802197802
0.7325274725274725
0.1547252747252747
0.0701098901098901
0.6922344322344322
1.7769230769230768
2.612600732600732
3.171062271062271
3.287106227106227
2.548131868131868
1.4755311355311354
0.5923076923076923
0.1652014652014652
0.09267399267399268
0.7147985347985347
1.8712087912087911
2.702051282051282
3.175897435897436
3.3
2.615018315018315
1.5077655677655677
0.6068131868131869
0.12893772893772895
0.09267399267399268
0.8147252747252747
1.8333333333333333
3.0808058608058606
3.179120879120879
3.3
2.616630036630036
1.5472527472527473
0.5753846153846154
0.1378021978021978
0.0
0.8074725274725274
1.8897435897435897
2.7286446886446885
3.1484981684981683
3.3
2.46029304029304
1.4158974358974357
0.7454212454212454
0.09750915750915749
0.0
0.7470329670329671
1.8913553113553112
2.8197069597069593
3.187179487179487
3.1484981684981683
2.540879120879121
1.1975091575091577
0.5093040293040293
0.15230769230769228
0.07575091575091575
0.7550915750915751
2.025128205128205
2.689157509157509
3.1613919413919414
3.3
2.5030036630036627
1.510989010989011
0.6189010989010988
0.1515018315018315
0.05963369963369963
0.697069597069597
1.8139926739926737
2.838241758241758
3.174285714285714
3.3
2.5167032967032967
1.461025641025641
0.6841758241758241
0.16036630036630034
0.17809523809523808
0.8018315018315019
1.880879120879121
2.6577289377289377
3.1597802197802194
3.2178021978021976
2.564249084249084
1.4416849816849817
0.6519413919413919
0.1378021978021978
0.14827838827838827
0.7986080586080585
1.8575091575091576
2.7504029304029305
3.187179487179487
3.2129670329670326
2.6174358974358976
1.4553846153846153
0.7365567765567765
0.1232967032967033
0.07897435897435896
0.8163369963369963
2.108937728937729
2.628717948717948
3.3
3.3
2.51025641025641
1.357875457875458
0.7494505494505495
0.1547252747252747
0.03223443223443224
0.7849084249084248
1.7342124542124542
2.5513553113553114
3.17025641025641
3.244395604395604
2.42
1.299047619047619
0.6938461538461538
0.24256410256410255
0.0
0.8517948717948718
1.9106959706959705
2.858388278388278
3.186373626373626
3.2645421245421242
2.6037362637362635
1.4336263736263737
0.6946520146520146
0.17809523809523808
0.10959706959706958
0.7808791208791208
2.0686446886446888
2.7125274725274724
3.2532600732600727
3.138827838827839
2.581172161172161
1.4134798534798534
0.6132600732600731
0.1394139194139194
0.2079120879120879
0.6873992673992673
1.8389743589743588
2.570695970695971
3.208131868131868
3.2774358974358972
2.506227106227106
1.3796336996336995
0.5528205128205127
0.11684981684981685
0.0
0.7389743589743589
2.007399267399267
2.78021978021978
3.212161172161172
3.2210256410256406
2.6964102564102563
1.5101831501831502
0.5004395604395604
0.12007326007326007
0.22241758241758242
0.8316483516483516
1.9042490842490842
2.755238095238095
3.2218315018315016
3.3
2.59003663003663
1.4126739926739926
0.6414652014652014
0.15956043956043955
0.05479853479853479
0.8082783882783882
1.8945787545787545
2.73992673992674
3.1694505494505494
3.1807326007326004
2.71010989010989
1.4175091575091574
0.5471794871794872
0.1547252747252747
0.02901098901098901
0.809084249084249
1.9123076923076923
2.71010989010989
3.206520146520146
3.183956043956044
2.735897435897436
1.469084249084249
0.5262271062271062
0.15794871794871793
0.547985347985348
0.718021978021978
1.9727472527472527
2.7205860805860804
3.1895970695970695
3.183150183150183
2.568278388278388
1.345787545787546
0.4166300366300366
0.14827838827838827
0.09750915750915749
0.6761172161172161
1.9429304029304026
2.734285714285714
3.187179487179487
3.3
2.596483516483516
1.4054212454212454
0.48029304029304026
0.12974358974358974
0.1652014652014652
0.6148717948717949
1.8744322344322342
2.826153846153846
3.1992673992673994
3.3
2.8374358974358973
1.4529670329670328
0.5906959706959707
0.14263736263736265
0.0
0.8147252747252747
1.8107692307692307
2.577142857142857
3.2186080586080585
3.3
2.5424908424908423
1.4030036630036629
0.7236630036630036
0.1345787545787546
0.09428571428571428
0.6817582417582417
1.9235897435897436
2.6923809523809523
3.1952380952380954
3.3
2.4071062271062273
1.4739194139194138
0.7470329670329671
0.13135531135531134
0.0032234432234432234
0.8517948717948718
1.913113553113553
2.7205860805860804
3.2371428571428567
3.2572893772893767
2.5634432234432234
1.3715750915750915
0.6068131868131869
0.10073260073260074
0.08703296703296702
0.8679120879120878
1.8687912087912089
2.723003663003663
3.2306959706959706
3.206520146520146
2.4715750915750916
1.4860073260073259
0.49882783882783877
0.05721611721611721
0.18857142857142856
0.8042490842490841
1.9493772893772894
2.844688644688645
3.2452014652014647
3.1807326007326004
2.4449816849816846
1.361098901098901
0.6068131868131869
0.17809523809523808
0.0
0.8638827838827838
1.8897435897435897
2.735897435897436
3.2516483516483516
3.3
2.497362637362637
1.3369230769230769
0.7760439560439559
0.0709157509157509
0.0
0.8389010989010989
1.9622710622710622
2.6545054945054942
3.274212454212454
3.2194139194139195
2.3120146520146516
1.3812454212454213
0.6108424908424909
0.0
0.021758241758241755
0.8856410256410256
1.9703296703296704
2.718974358974359
3.2145787545787545
3.3
2.3950183150183153
1.4698901098901098
0.6213186813186813
0.0
0.0
0.8284249084249083
1.921978021978022
2.612600732600732
3.2468131868131866
3.3
2.5207326007326007
1.357875457875458
0.6293772893772893
0.08058608058608059
0.2627106227106227
0.7776556776556777
1.921978021978022
2.7383150183150184
3.2290842490842486
3.206520146520146
2.5255677655677653
1.3683516483516482
0.6076190476190476
0.025787545787545788
0.10315018315018315
0.8969230769230768
2.000952380952381
2.7649084249084246
3.3
3.1356043956043953
2.4546520146520145
1.39010989010989
0.5923076923076923
0.08219780219780219
0.0427106227106227
0.8904761904761904
2.0976556776556774
2.8116483516483513
3.2186080586080585
3.258095238095238
2.3966300366300364
1.3675457875457875
0.5874725274725274
0.0854212454212454
0.06205128205128205
0.8421245421245421
1.8937728937728937
2.851135531135531
3.241978021978022
3.3
2.465128205128205
1.3425641025641024
0.6197069597069597
0.10315018315018315
0.025787545787545788
0.8928937728937728
2.087985347985348
2.703663003663004
3.2145787545787545
3.206520146520146
2.5158974358974358
1.344981684981685
0.6527472527472528
0.11765567765567765
0.21919413919413916
0.8171428571428571
1.987252747252747
2.6867399267399263
3.19040293040293
3.1613919413919414
2.4707692307692306
1.44007326007326
0.6599999999999999
0.024175824175824177
0.0
0.680952380952381
1.9276190476190476
2.8632234432234434
3.187179487179487
3.3
2.432087912087912
1.468278388278388
0.6285714285714286
0.14908424908424908
0.051575091575091575
0.884029304029304
1.8994139194139192
2.7649084249084246
3.1992673992673994
3.256483516483516
2.564249084249084
1.3804395604395603
0.5786080586080586
0.09347985347985346
0.12893772893772895
0.963003663003663
1.9654945054945054
3.0896703296703296
3.1952380952380954
3.2629304029304027
2.585201465201465
1.3788278388278385
0.47706959706959706
0.13619047619047617
0.19179487179487179
0.7599267399267399
1.8978021978021977
2.8003663003663
3.2863003663003663
3.0638827838827836
2.5158974358974358
1.3868864468864468
0.5294505494505495
0.1281318681318681
0.1813186813186813
0.7623443223443223
1.938095238095238
2.731868131868132
3.1178754578754577
3.3
2.593260073260073
1.3731868131868132
0.6189010989010988
0.13538461538461538
0.09428571428571428
0.6382417582417582
1.9316483516483516
2.784249084249084
3.0477655677655675
3.3
2.544908424908425
1.378021978021978
0.3618315018315018
0.12732600732600732
0.09428571428571428
0.7486446886446886
1.8373626373626373
2.5586080586080584
3.1952380952380954
3.3
2.768131868131868
1.3965567765567766
0.5294505494505495
0.06124542124542124
0.012893772893772894
0.9347985347985348
1.975164835164835
2.90029304029304
3.179120879120879
3.0888644688644686
2.5094505494505492
1.3788278388278385
0.5931135531135531
0.09589743589743589
0.00402930402930403
0.8550183150183149
1.9904761904761905
2.729450549450549
3.216190476190476
3.3
2.568278388278388
1.423150183150183
0.601978021978022
0.15956043956043955
0.006446886446886447
0.9057875457875457
1.975164835164835
2.6778754578754578
3.3
3.0783882783882786
2.6875457875457878
1.311135531135531
0.5810256410256409
0.14424908424908423
0.24175824175824176
0.8252014652014652
1.9461538461538461
2.7987545787545787
3.158168498168498
3.2806593406593403
2.523150183150183
1.386080586080586
0.5802197802197803
0.10717948717948718
0.19260073260073257
0.8372893772893772
1.8961904761904762
2.753626373626373
3.2186080586080585
2.996996336996337
2.4675457875457876
1.3594871794871795
0.5133333333333333
0.0
0.012087912087912088
0.7147985347985347
1.9985347985347985
2.747985347985348
3.17992673992674
3.3
2.3579487179487177
1.3216117216117216
0.6197069597069597
0.18615384615384614
0.08864468864468865
1.0637362637362637
1.9864468864468865
2.6359706959706957
3.167838827838828
3.2129670329670326
2.3297435897435896
1.361098901098901
0.8542124542124542
0.17164835164835165
0.0
0.8646886446886446
1.9364835164835164
2.6601465201465198
3.3
3.241978021978022
2.2483516483516484
1.344981684981685
0.3263736263736264
0.08058608058608059
0.14827838827838827
0.805054945054945
1.975164835164835
2.86
3.2387545787545786
3.2903296703296703
2.316849816849817
1.3272527472527471
0.597948717948718
0.15875457875457874
0.08300366300366299
1.0758241758241758
1.9775824175824175
2.7939194139194137
3.1186813186813187
3.266153846153846
2.453846153846154
1.340952380952381
0.5342857142857143
0.14747252747252745
0.12652014652014654
0.8123076923076922
1.9808058608058607
2.803589743589743
3.3
