1.8865201465201464
2.9309157509157506
3.3
3.103369963369963
2.523150183150183
1.361098901098901
0.5939194139194139
0.19985347985347984
0.14747252747252745
0.8477655677655678
1.8268864468864467
2.7447619047619045
3.3
3.0936996336996336
2.4989743589743587
1.4328205128205127
0.4279120879120879
0.09992673992673992
0.09589743589743589
0.9082051282051282
1.9775824175824175
2.7979487179487177
3.3
3.216190476190476
2.3635897435897437
1.472307692307692
0.5294505494505495
0.10073260073260074
0.2079120879120879
0.8961172161172161
1.9026373626373625
2.839047619047619
3.167838827838828
3.2113553113553115
2.3603663003663002
1.36996336996337
0.3884249084249084
0.0
0.08783882783882783
0.9936263736263735
1.8228571428571427
2.993772893772894
3.2411721611721607
2.995384615384615
2.274945054945055
1.3393406593406592
0.3183150183150183
0.06124542124542124
0.14666666666666667
0.7986080586080585
1.8913553113553112
2.767326007326007
3.2339194139194136
3.009084249084249
2.5183150183150182
1.4553846153846153
0.4577289377289377
0.14586080586080585
0.29333333333333333
1.0065201465201465
2.007399267399267
2.697216117216117
3.187179487179487
3.1613919413919414
2.3893772893772893
1.4142857142857144
0.37875457875457874
0.07252747252747253
0.31186813186813184
0.8405128205128204
1.8961904761904762
2.9550915750915747
3.1767032967032964
3.2669597069597067
2.482051282051282
1.3554578754578752
0.5238095238095238
0.0
0.1805128205128205
0.9887912087912087
1.8534798534798536
2.784249084249084
3.3
3.0517948717948715
2.4264468864468864
1.3949450549450548
0.29816849816849816
0.0
0.05641025641025641
1.1185347985347984
1.9082783882783882
2.763296703296703
3.3
2.9865201465201463
2.2805860805860805
1.4755311355311354
0.4303296703296703
0.0709157509157509
0.2232234432234432
0.7599267399267399
1.9945054945054945
2.7665201465201466
3.228278388278388
3.2258608058608056
2.323296703296703
1.4698901098901098
0.3594139194139194
0.0
0.29655677655677654
0.676923076923077
1.8994139194139192
2.932527472527472
3.1992673992673994
3.1275457875457873
2.383736263736264
1.3288644688644689
0.655164835164835
0.0
0.20388278388278389
0.958974358974359
1.8752380952380951
2.8906227106227105
3.3
2.997802197802198
2.476410256410256
1.415091575091575
0.5431501831501832
0.0684981684981685
0.11362637362637361
0.9065934065934066
2.00014652014652
2.68996336996337
3.274212454212454
3.05018315018315
2.3652014652014652
1.448131868131868
0.3263736263736264
0.03706959706959707
0.24981684981684982
0.8300366300366301
2.0227106227106226
2.706080586080586
3.2306959706959706
3.2532600732600727
2.3418315018315017
1.382051282051282
0.5326739926739926
0.0
0.24256410256410255
0.8767765567765566
1.8607326007326006
2.8495238095238093
3.2709890109890107
3.0082783882783883
2.497362637362637
1.2716483516483517
0.4746520146520146
0.07978021978021978
0.14102564102564102
1.0169963369963368
1.9429304029304026
3.0566300366300365
3.3
3.017948717948718
2.17018315018315
1.443296703296703
0.3884249084249084
0.17406593406593404
0.33201465201465197
0.888058608058608
2.0202930402930406
2.714139194139194
3.3
3.1855677655677654
2.1613186813186815
1.4578021978021978
0.502051282051282
0.0
0.2071062271062271
0.8977289377289377
1.9308424908424906
2.854358974358974
3.248424908424908
3.248424908424908
2.34021978021978
1.2885714285714285
0.3602197802197802
0.025787545787545788
0.21355311355311354
1.0806593406593408
1.8832967032967032
2.908351648351648
3.3
3.0663003663003665
2.3224908424908426
1.3296703296703296
0.6366300366300366
0.0967032967032967
0.06769230769230769
1.05003663003663
1.975164835164835
2.826153846153846
3.3
2.896263736263736
2.37970695970696
1.4545787545787545
0.41904761904761906
0.07413919413919413
0.3207326007326007
0.8163369963369963
2.0106227106227106
2.6907692307692304
3.248424908424908
3.3
2.2983150183150185
1.398168498168498
0.651135531135531
0.0
0.2675457875457875
0.9436630036630036
1.8623443223443221
2.9647619047619047
3.269377289377289
3.1436630036630033
2.398241758241758
1.298241758241758
0.552014652014652
0.0
0.047545787545787546
0.9871794871794872
1.9066666666666665
2.858388278388278
3.3
2.9736263736263737
2.4570695970695966
1.3119413919413918
0.36747252747252745
0.06769230769230769
0.07575091575091575
0.6414652014652014
2.00014652014652
2.727838827838828
3.3
3.0308424908424905
2.1895238095238096
1.436043956043956
0.3868131868131868
0.033846153846153845
0.2514285714285714
0.8953113553113552
2.0025641025641026
2.856776556776557
3.2790476190476188
3.1597802197802194
2.3426373626373627
1.3369230769230769
0.5068864468864468
0.0
0.31670329670329667
0.9041758241758242
1.888131868131868
2.913992673992674
3.3
3.0598534798534796
2.532820512820513
1.2893772893772895
0.5294505494505495
0.08783882783882783
0.1813186813186813
1.0194139194139193
1.9695238095238095
2.764102564102564
3.3
3.2153846153846155
2.437728937728938
1.44007326007326
0.3215384615384615
0.07172161172161172
0.19179487179487179
0.9323809523809523
2.0436630036630037
2.7729670329670326
3.2935531135531133
3.2218315018315016
2.2999267399267396
1.419120879120879
0.4303296703296703
0.0
0.19904761904761903
0.9726739926739927
1.93003663003663
3.054212454212454
3.1968498168498165
3.103369963369963
2.4449816849816846
1.2668131868131867
0.5882783882783883
0.0
0.14102564102564102
1.00007326007326
1.8865201465201464
2.9760439560439558
3.3
2.9921611721611723
2.5803663003663
1.3208058608058608
0.4835164835164835
0.07575091575091575
0.10315018315018315
1.0008791208791208
2.035604395604395
2.8777289377289375
3.3
3.0743589743589745
2.349084249084249
1.4416849816849817
0.29736263736263735
0.05318681318681318
0.2216117216117216
0.9799267399267398
2.0017582417582416
2.85032967032967
3.20007326007326
3.167838827838828
2.241904761904762
1.345787545787546
0.25062271062271063
0.0
0.2675457875457875
0.9057875457875457
1.9227838827838826
2.944615384615384
3.2516483516483516
3.1001465201465197
2.3974358974358974
1.2764835164835164
0.4553113553113553
0.025787545787545788
0.14102564102564102
1.0024908424908425
1.9106959706959705
2.8180952380952378
3.3
2.9816849816849818
2.444175824175824
1.3868864468864468
0.4045421245421245
0.07252747252747253
0.15553113553113554
1.0564835164835165
2.0686446886446888
2.753626373626373
3.3
2.9349450549450546
2.187912087912088
1.4287912087912087
0.3626373626373626
0.055604395604395604
0.10073260073260074
0.9186813186813186
2.0444688644688647
2.9059340659340656
3.0864468864468866
3.2774358974358972
2.2676923076923075
1.3417582417582417
0.5358974358974359
0.0
0.2208058608058608
0.9613919413919413
1.8994139194139192
2.9027106227106225
3.274212454212454
3.111428571428571
2.523150183150183
1.2595604395604394
0.4819047619047619
0.1345787545787546
0.17648351648351646
0.9001465201465201
1.9606593406593407
2.9188278388278386
3.3
3.058241758241758
2.4264468864468864
1.3876923076923076
0.38520146520146514
0.10315018315018315
0.19582417582417583
0.7470329670329671
2.0815384615384613
2.7705494505494506
3.3
3.1146520146520147
2.285421245421245
1.4223443223443224
0.44886446886446885
0.02659340659340659
0.047545787545787546
1.0814652014652013
2.0202930402930406
2.9921611721611723
3.17025641025641
3.175897435897436
2.270915750915751
1.2732600732600732
0.5012454212454213
0.0
0.1635897435897436
1.041978021978022
1.9115018315018313
2.948644688644688
3.3
2.9744322344322343
2.3224908424908426
1.2547252747252746
0.39326007326007323
0.058827838827838826
0.11362637362637361
1.07018315018315
1.9485714285714284
2.8180952380952378
3.2774358974358972
3.0147252747252744
2.4054945054945054
1.3240293040293039
0.3432967032967033
0.05802197802197802
0.11604395604395604
1.0427838827838827
2.076703296703297
2.7463736263736265
3.3
2.958315018315018
2.3265201465201466
1.3796336996336995
0.1676190476190476
0.045128205128205125
0.22886446886446885
1.0242490842490843
2.0476923076923077
2.987326007326007
3.1936263736263735
3.212161172161172
2.24996336996337
1.3361172161172161
0.5181684981684982
0.009670329670329669
0.32798534798534795
0.9033699633699633
1.921978021978022
2.9357509157509156
3.2186080586080585
3.2452014652014647
2.4328937728937725
1.249084249084249
0.5181684981684982
0.0838095238095238
0.28608058608058606
0.7663736263736263
1.9066666666666665
3.1017582417582417
3.3
3.1275457875457873
2.4167765567765565
1.3006593406593405
0.41501831501831504
0.0709157509157509
0.0
0.9339926739926739
2.071868131868132
2.813260073260073
3.3
2.9027106227106225
2.224981684981685
1.378021978021978
0.33604395604395604
0.0
0.1829304029304029
0.9315750915750916
2.0654212454212453
2.822124542124542
3.1227106227106227
3.1646153846153844
2.1830769230769227
1.3756043956043955
0.4279120879120879
0.0
0.26673992673992675
0.8928937728937728
1.999340659340659
2.9679853479853477
3.241978021978022
3.1436630036630033
2.339413919413919
1.241025641025641
0.4536996336996337
0.031428571428571424
0.2369230769230769
0.8445421245421244
1.9526007326007324
2.929304029304029
3.3
3.0808058608058606
2.4014652014652014
1.282124542124542
0.3529670329670329
0.038681318681318674
0.1684249084249084
0.9299633699633699
2.1556776556776556
2.9631501831501827
3.3
3.0477655677655675
2.207252747252747
1.4142857142857144
0.32879120879120877
0.047545787545787546
0.24739926739926738
0.8896703296703297
2.0605860805860807
2.842271062271062
3.1573626373626373
3.154139194139194
2.0775091575091573
1.306300366300366
0.5165567765567765
0.0
0.3142857142857143
1.3602930402930402
1.950989010989011
3.0324542124542124
3.216190476190476
2.9454212454212456
2.0670329670329672
1.2168498168498167
0.44967032967032966
0.06205128205128205
0.09347985347985346
1.3715750915750915
1.987252747252747
2.8100366300366297
3.3
3.045347985347985
2.3764835164835163
1.311135531135531
0.46095238095238095
0.06366300366300366
0.20871794871794871
1.0919413919413918
2.0936263736263734
2.834212454212454
3.2613186813186807
3.2355311355311356
2.2878388278388275
1.361904761904762
0.4851282051282051
0.01611721611721612
0.33201465201465197
0.9855677655677655
2.0347985347985347
2.992967032967033
3.232307692307692
3.208131868131868
2.1846886446886447
1.2152380952380952
0.5810256410256409
0.0
0.23208791208791207
1.0693772893772893
1.9526007326007324
2.626300366300366
3.3
2.913186813186813
2.387765567765568
1.2458608058608056
0.4706227106227106
0.14424908424908423
0.15633699633699633
1.1451282051282052
2.019487179487179
2.822124542124542
3.3
3.3
2.2846153846153845
1.353040293040293
0.3255677655677655
0.07413919413919413
0.29413919413919415
0.8695238095238095
2.1411721611721615
2.925274725274725
3.3
3.058241758241758
2.237069597069597
1.3514285714285712
0.38600732600732596
0.0
0.3344322344322344
0.8252014652014652
2.029157509157509
3.058241758241758
3.212161172161172
3.1017582417582417
2.4135531135531134
1.2144322344322342
0.37150183150183147
0.007252747252747252
0.21194139194139194
1.1370695970695972
1.9622710622710622
2.9704029304029302
3.3
2.9268864468864466
2.4296703296703295
1.307106227106227
0.3497435897435897
0.10556776556776555
0.12007326007326007
0.5818315018315018
2.0734798534798533
2.9824908424908423
3.2129670329670326
3.0195604395604394
2.2233699633699633
1.361904761904762
0.2651282051282051
0.07897435897435896
0.31025641025641026
0.9775091575091575
2.1105494505494504
2.9317216117216116
3.2371428571428567
3.0904761904761906
2.3587545787545787
1.3095238095238095
0.3586080586080586
0.0
0.24095238095238095
1.0049084249084248
1.9598534798534797
2.9921611721611723
3.2258608058608056
3.1291575091575092
2.4264468864468864
1.2337728937728938
0.469010989010989
0.0
0.15956043956043955
1.0645421245421245
1.9654945054945054
3.013113553113553
3.3
2.8777289377289375
2.2958974358974356
1.2652014652014651
0.31589743589743585
0.03545787545787545
0.24175824175824176
1.0169963369963368
2.07025641025641
2.8672527472527474
3.274212454212454
3.1484981684981683
2.2564102564102564
1.34981684981685
0.0838095238095238
0.0
0.17890109890109887
0.9468864468864469
2.1427838827838825
2.983296703296703
3.2250549450549446
3.1613919413919414
2.237069597069597
1.2772893772893772
0.46659340659340653
0.0
0.22644688644688643
1.0065201465201465
2.0259340659340657
2.9357509157509156
3.2645421245421242
3.0316483516483514
2.4369230769230765
1.1676923076923076
0.36989010989010984
0.02659340659340659
0.17809523809523808
1.129010989010989
2.000952380952381
2.7866666666666666
3.3
2.8672527472527474
2.2902564102564105
1.266007326007326
0.4319413919413919
0.0
0.12652014652014654
1.1096703296703296
2.0944322344322344
2.7584615384615385
3.3
3.2838827838827838
2.233040293040293
1.3216117216117216
0.28446886446886444
0.040293040293040296
0.33926739926739924
0.9331868131868131
2.092820512820513
2.8906227106227105
3.179120879120879
3.103369963369963
2.394212454212454
1.3159706959706958
0.5109157509157509
0.0
0.33604395604395604
1.1693040293040293
1.971135531135531
2.768131868131868
3.1936263736263735
3.037289377289377
2.5086446886446887
1.2055677655677657
0.5761904761904761
0.0
0.2949450549450549
1.1668864468864468
2.0098168498168496
2.8197069597069593
3.3
3.0147252747252744
2.5150915750915748
1.2232967032967033
0.40695970695970696
0.01611721611721612
0.1676190476190476
1.0854945054945053
2.0904029304029303
3.0235897435897434
3.3
3.1057875457875457
2.468351648351648
1.3336996336996336
0.2691575091575092
0.09589743589743589
0.3110622710622711
0.7986080586080585
2.0976556776556774
2.9615384615384617
3.2153846153846155
3.1968498168498165
2.2153113553113553
1.228937728937729
0.4142124542124542
0.0
0.2917216117216117
1.1080586080586081
1.9896703296703295
2.913186813186813
3.2226373626373626
3.0566300366300365
2.3934065934065933
1.1983150183150182
0.31186813186813184
0.0
0.2570695970695971
1.1330402930402932
2.132307692307692
2.6714285714285713
3.3
3.050989010989011
2.432087912087912
1.3159706959706958
0.4931868131868132
0.07655677655677656
0.25868131868131866
1.0532600732600732
2.1427838827838825
2.9454212454212456
3.3
3.1396336996336993
2.574725274725275
1.411062271062271
0.15553113553113554
0.0
0.4931868131868132
0.9597802197802198
2.0815384615384613
2.726227106227106
3.27018315018315
3.1202930402930398
2.2894505494505495
1.2297435897435898
0.5278388278388279
0.0
0.2691575091575092
0.8856410256410256
1.9356776556776556
2.9961904761904763
3.296776556776557
2.938168498168498
2.265274725274725
1.2063736263736262
0.35135531135531134
0.0
0.15311355311355312
1.0339194139194139
2.1194139194139194
2.8245421245421247
3.3
2.98007326007326
2.2684981684981684
1.3562637362637362
0.33926739926739924
0.06608058608058608
0.34410256410256407
1.062930402930403
2.1057142857142854
2.8938461538461535
3.2226373626373626
3.1057875457875457
2.476410256410256
1.2958241758241758
0.39326007326007323
0.0
0.37875457875457874
1.0145787545787546
2.074285714285714
2.9615384615384617
3.296776556776557
3.1025641025641026
2.2556043956043954
1.1813919413919414
0.47545787545787543
0.0709157509157509
0.14102564102564102
1.5117948717948717
2.000952380952381
3.124322344322344
3.2355311355311356
2.9067399267399265
2.3603663003663002
1.1846153846153846
0.30058608058608055
0.10153846153846152
0.21355311355311354
1.116923076923077
2.0734798534798533
2.755238095238095
3.2315018315018316
3.0485714285714285
2.2636630036630034
1.2724542124542124
0.38520146520146514
0.06688644688644688
0.32798534798534795
0.9904029304029304
2.1427838827838825
2.8189010989010987
3.3
3.0864468864468866
2.2120879120879122
1.298241758241758
0.3150915750915751
0.0
0.3263736263736264
0.8969230769230768
2.076703296703297
3.021172161172161
3.287106227106227
3.1065934065934067
2.3643956043956043
1.1580219780219778
0.4714285714285714
0.0419047619047619
0.24256410256410255
1.1136996336996337
2.0347985347985347
3.1936263736263735
3.2032967032967035
2.9728205128205127
2.2185347985347983
1.1564102564102565
0.5753846153846154
0.05641025641025641
0.20065934065934063
1.1273992673992674
2.076703296703297
2.851135531135531
3.3
2.889010989010989
2.2354578754578753
1.3167765567765568
0.2675457875457875
0.10717948717948718
0.24256410256410255
1.1580219780219778
2.1548717948717946
2.854358974358974
3.274212454212454
3.192014652014652
2.261245421245421
1.2813186813186814
0.39003663003662997
0.0
0.38520146520146514
0.9621978021978022
2.082344322344322
2.7737728937728936
3.2556776556776557
3.0308424908424905
2.3909890109890113
1.1636630036630036
0.24498168498168496
0.0
0.18373626373626373
1.2998534798534798
2.0299633699633697
3.037289377289377
3.3
2.8712820512820514
2.3200732600732596
1.1717216117216116
0.4859340659340659
0.07252747252747253
0.14908424908424908
1.1636630036630036
2.152454212454212
2.944615384615384
3.3
3.179120879120879
2.1556776556776556
1.2595604395604394
0.26996336996336995
0.0709157509157509
0.19904761904761903
0.9758974358974358
2.113772893772894
3.1219047619047617
3.3
3.0904761904761906
2.1589010989010986
1.2643956043956044
0.3497435897435897
0.0
0.4585347985347985
0.958974358974359
2.0952380952380953
3.0808058608058606
3.2774358974358972
3.050989010989011
2.2902564102564105
1.1370695970695972
0.473040293040293
0.0
0.19824175824175824
1.1789743589743589
2.0428571428571427
3.077582417582417
3.3
3.017142857142857
2.265274725274725
1.1410989010989012
0.35135531135531134
0.13054945054945055
0.3175091575091575
1.1491575091575092
2.086373626373626
2.8414652014652013
3.3
2.996996336996337
2.1838827838827837
1.3240293040293039
0.38600732600732596
0.038681318681318674
0.2594871794871795
1.0572893772893772
2.2136996336996337
2.9035164835164835
3.111428571428571
3.150915750915751
2.323296703296703
1.34981684981685
0.4964102564102564
0.0
0.31267399267399265
1.0089377289377288
2.0299633699633697
3.062271062271062
3.2452014652014647
3.0002197802197803
2.15003663003663
1.1483516483516483
0.30058608058608055
0.022564102564102562
0.21355311355311354
1.1620512820512818
2.0267399267399266
2.8777289377289375
3.3
2.9961904761904763
2.295091575091575
1.1773626373626374
0.361025641025641
0.06205128205128205
0.25062271062271063
1.195091575091575
2.116190476190476
2.908351648351648
3.3
3.063076923076923
2.2169230769230768
1.3353113553113551
0.21677655677655677
0.0
0.44483516483516483
0.9372161172161171
2.1556776556776556
2.876923076923077
3.2186080586080585
3.1162637362637358
2.204029304029304
1.2805128205128204
0.5117216117216117
0.08058608058608059
0.5197802197802198
1.1354578754578755
2.0992673992673994
3.005054945054945
3.163809523809524
3.0485714285714285
2.224981684981685
1.129010989010989
0.44483516483516483
0.0
0.3594139194139194
1.1588278388278388
2.058168498168498
3.3
3.3
2.8712820512820514
2.307179487179487
1.1684981684981686
0.3344322344322344
0.14344322344322344
0.22805860805860806
1.095164835164835
2.152454212454212
2.813260073260073
3.3
2.993772893772894
2.194358974358974
1.298241758241758
0.4746520146520146
0.027399267399267395
0.29736263736263735
0.9928205128205128
2.1734065934065936
2.864835164835165
3.296776556776557
3.25003663003663
2.0646153846153847
1.29018315018315
0.6527472527472528
0.0032234432234432234
0.5495970695970696
1.1217582417582417
2.0501098901098898
2.9679853479853477
3.2516483516483516
3.021172161172161
2.146007326007326
1.083076923076923
0.4778754578754578
0.00402930402930403
0.2610989010989011
1.2684249084249084
2.0468864468864467
3.0936996336996336
3.3
2.897069597069597
2.1798534798534797
1.195091575091575
0.2071062271062271
0.11523809523809524
0.1772893772893773
1.1273992673992674
2.1476190476190475
2.9454212454212456
3.3
3.0316483516483514
2.2241758241758243
1.2805128205128204
0.32395604395604394
0.0
0.19985347985347984
1.054065934065934
2.1709890109890106
2.747179487179487
3.1597802197802194
3.1162637362637358
2.019487179487179
1.2071794871794872
0.531062271062271
0.0
0.3706959706959707
1.0178021978021976
2.096849816849817
2.9728205128205127
3.237948717948718
3.0928937728937727
2.3216849816849816
1.1088644688644689
0.22886446886446885
0.06769230769230769
0.3924542124542124
1.4126739926739926
2.0630036630036632
2.916410256410256
3.3
2.9567032967032962
2.211282051282051
1.1942857142857142
0.2643223443223443
0.10315018315018315
0.2079120879120879
1.1668864468864468
2.2193406593406593
2.8898168498168495
3.3
3.0324542124542124
2.299120879120879
1.2708424908424907
0.40857142857142853
0.01611721611721612
0.3263736263736264
0.971062271062271
2.1911355311355307
2.864029304029304
3.3
2.901098901098901
2.1597069597069596
