0.17
0.00
0.32
1.00
1.86
2.61
3.04
2.93
2.41
1.58
0.78
0.18
0.00
0.31
1.01
1.85
2.57
3.00
2.94
2.41
1.63
0.78
0.18
0.01
0.27
0.97
1.80
2.56
2.98
2.95
2.45
1.67
0.84
0.20
0.00
0.29
0.92
1.78
2.55
2.98
2.95
2.49
1.68
0.83
0.21
0.02
0.25
0.91
1.77
2.55
2.98
2.95
2.47
1.70
0.86
0.20
0.00
0.27
0.93
1.82
2.53
2.96
2.95
2.49
1.67
0.86
0.22
0.00
0.26
0.93
1.75
2.51
2.98
2.99
2.52
1.76
0.89
0.25
0.00
0.21
0.86
1.71
2.48
2.97
2.98
2.55
1.75
0.92
0.28
0.00
0.21
0.85
1.71
2.46
2.95
2.99
2.55
1.78
0.94
0.25
0.00
0.21
0.87
1.70
2.48
2.96
2.97
2.52
1.77
0.91
0.26
0.00
0.20
0.87
1.68
2.48
2.97
2.95
2.52
1.73
0.88
0.23
0.00
0.24
0.92
1.76
2.53
2.98
2.96
2.47
1.68
0.85
0.21
0.02
0.28
0.96
1.80
2.57
2.97
2.96
2.44
1.64
0.80
0.19
0.00
0.29
0.97
1.81
2.58
3.00
2.93
2.43
1.62
0.79
0.19
0.00
0.30
1.00
1.84
2.59
2.99
2.93
2.43
1.62
0.79
0.18
0.00
0.29
0.97
1.81
2.59
2.97
2.93
2.44
1.64
0.80
0.19
0.00
0.29
0.98
1.82
2.59
2.98
2.95
2.45
1.64
0.80
0.20
0.00
0.28
0.98
1.80
2.57
2.99
2.95
2.46
1.65
0.80
0.19
0.00
0.31
0.97
1.81
2.59
3.00
2.94
2.42
1.62
0.78
0.19
0.01
0.28
0.98
1.84
2.60
3.00
2.94
2.40
1.62
0.79
0.19
0.00
0.31
0.99
1.88
2.61
3.01
2.91
2.38
1.56
0.74
0.17
0.00
0.33
1.05
1.90
2.64
3.00
2.92
2.36
1.56
0.73
0.15
0.01
0.33
1.06
1.92
2.65
3.02
2.91
2.37
1.54
0.72
0.14
0.01
0.36
1.08
1.93
2.65
3.00
2.90
2.35
1.52
0.69
0.12
0.02
0.38
1.09
1.95
2.66
3.02
2.90
2.33
1.51
0.68
0.13
0.00
0.40
1.12
1.98
2.70
3.01
2.86
2.31
1.49
0.66
0.10
0.03
0.44
1.16
2.01
2.70
3.04
2.88
2.25
1.40
0.62
0.09
0.04
0.44
1.18
2.07
2.74
3.03
2.84
2.22
1.39
0.60
0.09
0.04
0.47
1.22
2.08
2.76
3.02
2.83
2.19
1.32
0.54
0.05
0.04
0.51
1.28
2.12
2.81
3.05
2.79
2.13
1.29
0.51
0.06
0.07
0.53
1.33
2.16
2.81
3.04
2.79
2.13
1.28
0.50
0.05
0.08
0.56
1.38
2.20
2.84
3.02
2.75
2.07
1.21
0.45
0.07
0.10
0.61
1.40
2.26
2.84
3.02
2.71
2.05
1.17
0.40
0.04
0.13
0.65
1.48
2.28
2.88
3.03
2.68
1.96
1.14
0.38
0.01
0.14
0.69
1.50
2.35
2.90
3.01
2.66
1.93
1.10
0.37
0.02
0.14
0.68
1.53
2.34
2.90
3.03
2.67
1.92
1.08
0.36
0.00
0.13
0.73
1.56
2.38
2.90
3.01
2.62
1.89
1.04
0.33
0.00
0.17
0.75
1.58
2.40
2.93
3.00
2.60
1.87
1.01
0.29
0.01
0.18
0.79
1.63
2.43
2.93
2.98
2.57
1.80
0.95
0.29
0.00
0.20
0.83
1.67
2.46
2.95
2.98
2.55
1.77
0.91
0.25
0.00
0.23
0.85
1.70
2.51
2.99
2.98
2.52
1.77
0.90
0.26
0.00
0.24
0.88
1.73
2.52
2.97
2.97
2.51
1.71
0.88
0.22
0.00
0.25
0.91
1.77
2.51
2.98
2.97
2.48
1.70
0.86
0.23
0.00
0.24
0.90
1.77
2.51
2.96
2.97
2.50
1.75
0.90
0.23
0.00
0.23
0.88
1.71
2.49
2.98
2.97
2.51
1.75
0.91
0.24
0.00
0.23
0.85
1.70
2.50
2.98
2.98
2.53
1.75
0.91
0.26
0.02
0.23
0.86
1.70
2.49
2.97
2.97
2.53
1.76
0.91
0.26
0.00
0.22
0.86
1.71
2.48
2.97
2.97
2.53
1.74
0.92
0.30
0.00
0.25
0.86
1.70
2.50
2.95
2.97
2.52
1.74
0.91
0.23
0.00
0.23
0.87
1.73
2.51
2.97
2.98
2.49
1.72
0.88
0.22
0.00
0.26
0.93
1.79
2.55
3.00
2.95
2.46
1.62
0.80
0.19
0.01
0.32
0.98
1.85
2.59
3.00
2.92
2.41
1.58
0.75
0.16
0.00
0.33
1.04
1.87
2.62
3.02
2.92
2.39
1.58
0.74
0.15
0.04
0.34
1.05
1.87
2.62
3.00
2.90
2.38
1.57
0.73
0.16
0.00
0.34
1.07
1.91
2.68
3.02
2.91
2.35
1.50
0.70
0.13
0.01
0.38
1.12
1.97
2.68
3.02
2.88
2.32
1.48
0.66
0.12
0.01
0.36
1.13
1.97
2.68
3.02
2.87
2.30
1.48
0.65
0.12
0.02
0.41
1.14
2.00
2.70
3.03
2.86
2.28
1.44
0.64
0.10
0.02
0.43
1.17
2.01
2.71
3.02
2.85
2.26
1.42
0.61
0.10
0.00
0.44
1.20
2.06
2.73
3.03
2.84
2.22
1.40
0.58
0.08
0.04
0.48
1.25
2.08
2.75
3.03
2.82
2.20
1.34
0.56
0.08
0.06
0.50
1.28
2.12
2.77
3.01
2.80
2.15
1.30
0.51
0.07
0.05
0.53
1.30
2.14
2.80
3.03
2.80
2.17
1.32
0.53
0.00
0.04
0.51
1.29
2.15
2.78
3.02
2.81
2.12
1.28
0.50
0.03
0.04
0.53
1.34
2.18
2.81
3.04
2.76
2.10
1.25
0.48
0.04
0.08
0.61
1.40
2.24
2.84
3.04
2.72
2.04
1.17
0.43
0.02
0.10
0.62
1.41
2.26
2.86
3.01
2.69
2.03
1.16
0.42
0.03
0.11
0.65
1.45
2.32
2.88
3.05
2.67
1.96
1.11
0.37
0.02
0.14
0.68
1.52
2.32
2.87
3.00
2.67
1.94
1.10
0.37
0.01
0.12
0.67
1.49
2.32
2.89
3.03
2.69
1.96
1.14
0.40
0.02
0.12
0.63
1.46
2.30
2.87
3.02
2.69
2.01
1.14
0.41
0.02
0.12
0.62
1.43
2.27
2.84
3.03
2.70
2.03
1.18
0.43
0.03
0.10
0.61
1.40
2.27
2.82
3.04
2.72
2.06
1.21
0.49
0.05
0.10
0.60
1.40
2.24
2.84
3.05
2.75
2.05
1.20
0.45
0.04
0.09
0.61
1.42
2.24
2.86
3.06
2.72
2.04
1.18
0.43
0.02
0.08
0.59
1.40
2.23
2.83
3.01
2.73
2.04
1.20
0.47
0.04
0.09
0.58
1.36
2.20
2.81
3.01
2.79
2.12
1.27
0.51
0.07
0.06
0.51
1.30
2.13
2.78
3.03
2.80
2.17
1.34
0.55
0.07
0.04
0.47
1.25
2.12
2.76
3.02
2.83
2.21
1.34
0.54
0.08
0.05
0.50
1.24
2.10
2.75
3.03
2.81
2.18
1.33
0.57
0.07
0.05
0.50
1.28
2.12
2.80
3.02
2.78
2.12
1.27
0.50
0.05
0.06
0.57
1.35
2.19
2.83
3.05
2.75
2.08
1.24
0.48
0.04
0.07
0.57
1.38
2.21
2.83
3.03
2.76
2.09
1.24
0.47
0.06
0.08
0.57
1.35
2.20
2.86
3.03
2.77
2.09
1.23
0.48
0.04
0.08
0.53
1.34
2.21
2.82
3.04
2.75
2.08
1.22
0.48
0.04
0.07
0.58
1.38
2.21
2.84
3.03
2.75
2.08
1.21
0.46
0.04
0.09
0.56
1.33
2.18
2.82
3.05
2.77
2.10
1.29
0.52
0.05
0.07
0.55
1.35
2.17
2.81
3.04
2.77
2.11
1.24
0.49
0.05
0.06
0.56
1.32
2.19
2.81
3.03
2.76
2.12
1.25
0.46
0.03
0.09
0.58
1.39
2.22
2.82
3.04
2.75
2.07
1.20
0.46
0.06
0.09
0.60
1.39
2.23
2.81
3.03
2.71
2.07
1.20
0.45
0.02
