1.618974358974359
2.0178754578754576
0.7542857142857142
3.0147252747252744
0.04351648351648351
3.3
0.022564102564102562
2.9615384615384617
0.5721611721611721
2.378095238095238
1.7398534798534797
1.074212454212454
2.5715018315018314
0.4633699633699634
3.3
0.0
3.246007326007326
0.4472527472527473
2.573113553113553
1.0548717948717947
1.8075457875457874
2.3772893772893773
0.7333333333333333
2.916410256410256
0.14747252747252745
3.2645421245421242
0.0
3.1009523809523807
0.7228571428571429
2.261245421245421
1.581904761904762
1.191868131868132
2.5215384615384613
0.2627106227106227
3.3
0.08461538461538462
3.142051282051282
0.12168498168498168
2.787472527472527
1.104029304029304
1.6318681318681318
2.0509157509157507
0.892087912087912
2.912380952380952
0.0
3.3
0.058827838827838826
2.9736263736263737
0.5641025641025641
2.4506227106227105
1.5561172161172159
1.074212454212454
2.4989743589743587
0.4222710622710622
2.948644688644688
0.0
3.1887912087912085
0.2691575091575092
2.731868131868132
1.3723809523809523
1.846227106227106
1.8671794871794871
0.6277655677655677
2.9663736263736262
0.3449084249084249
3.232307692307692
0.049157509157509154
3.069523809523809
0.5915018315018314
2.2886446886446885
1.6455677655677654
1.2595604395604394
2.5030036630036627
0.3465201465201465
3.2822710622710622
0.00402930402930403
3.2258608058608056
0.307032967032967
2.8003663003663
1.0879120879120878
1.6431501831501831
1.7543589743589743
0.8429304029304029
2.8954578754578755
0.27076923076923076
3.3
0.13619047619047617
3.038095238095238
0.5842490842490843
2.3805128205128203
1.4892307692307691
1.1709157509157508
2.6238827838827836
0.40857142857142853
3.0155311355311354
0.0
3.2935531135531133
0.22725274725274722
2.59003663003663
1.1644688644688646
1.9123076923076923
1.9316483516483516
0.7526739926739926
2.9776556776556777
0.0
3.2178021978021976
0.11362637362637361
3.1307692307692307
0.5769963369963369
2.1057142857142854
1.5053479853479852
1.2506959706959706
2.51025641025641
0.24981684981684982
3.3
0.03304029304029304
3.3
0.2465934065934066
2.8253479853479853
1.0975824175824174
1.6850549450549448
2.0589743589743588
0.8227838827838827
2.8100366300366297
0.1241025641025641
3.3
0.04593406593406593
3.005860805860806
0.5971428571428571
2.501391941391941
1.5174358974358972
1.2337728937728938
2.6359706959706957
0.5125274725274724
3.154139194139194
0.0
3.3
0.3771428571428571
2.71978021978022
1.0145787545787546
1.9316483516483516
2.2394871794871793
0.7800732600732599
2.9744322344322343
0.23611721611721612
3.246007326007326
0.0
3.133992673992674
0.539120879120879
2.0984615384615384
1.5432234432234433
1.3393406593406592
2.4490109890109886
0.34007326007326005
3.232307692307692
0.06446886446886448
3.3
0.2643223443223443
2.8954578754578755
1.0202197802197803
1.767252747252747
2.1105494505494504
0.8461538461538461
2.876923076923077
0.21516483516483514
3.3
0.05802197802197802
3.0227838827838824
0.5681318681318681
2.5070329670329667
1.4142857142857144
1.2063736263736262
2.606959706959707
0.48754578754578753
3.00989010989011
0.0
3.3
0.2731868131868132
2.7326739926739925
1.0049084249084248
1.9276190476190476
1.93003663003663
0.7542857142857142
2.9615384615384617
0.1934065934065934
3.2258608058608056
0.023369963369963366
3.183956043956044
0.547985347985348
1.9614652014652014
1.5432234432234433
1.6721611721611722
2.3515018315018312
0.4899633699633699
3.2387545787545786
0.04593406593406593
3.202490842490842
0.26593406593406593
2.9357509157509156
0.8791941391941391
1.7777289377289376
2.0589743589743588
0.8622710622710623
2.733479853479853
0.17003663003663003
3.3
0.0
3.0348717948717945
0.5560439560439561
2.41032967032967
1.394139194139194
1.4408791208791207
2.4957509157509152
0.5778021978021978
3.085641025641025
0.0
3.3
0.09912087912087912
2.6778754578754578
0.9887912087912087
1.9042490842490842
1.8752380952380951
0.863076923076923
2.8954578754578755
0.15714285714285714
3.258095238095238
0.04835164835164835
3.1452747252747253
0.45450549450549443
2.4909157509157507
1.5657875457875456
1.3199999999999998
2.3668131868131868
0.3731135531135531
3.2290842490842486
0.0
3.248424908424908
0.35538461538461535
2.9067399267399265
0.8276190476190476
1.8389743589743588
2.012234432234432
0.7978021978021979
2.753626373626373
0.28446886446886444
3.3
0.0
3.0437362637362635
0.5737728937728938
2.727838827838828
1.286153846153846
1.4086446886446886
2.497362637362637
0.4706227106227106
3.0799999999999996
0.0701098901098901
3.3
0.12652014652014654
2.868058608058608
1.3433699633699632
1.925201465201465
1.7414652014652012
0.9331868131868131
2.9035164835164835
0.07172161172161172
3.2057142857142855
0.13538461538461538
3.1887912087912085
0.38197802197802194
2.4030769230769233
1.452161172161172
1.3482051282051282
2.2926739926739925
0.4851282051282051
3.174285714285714
0.0008058608058608059
3.232307692307692
0.19985347985347984
3.0187545787545784
0.8098901098901099
1.8865201465201464
1.8784615384615382
0.859047619047619
2.729450549450549
0.3416849816849816
3.3
0.0
3.1025641025641026
0.5294505494505495
2.3926007326007324
1.2668131868131867
1.4932600732600732
2.544908424908425
0.17326007326007326
3.025201465201465
0.07736263736263735
3.3
0.1515018315018315
2.799560439560439
1.0226373626373626
1.8832967032967032
1.8768498168498169
0.9694505494505493
2.913186813186813
0.19904761904761903
3.1154578754578752
0.11282051282051282
3.154139194139194
0.37553113553113554
2.4586813186813186
1.564175824175824
1.456996336996337
2.0484981684981687
0.5915018315018314
3.274212454212454
0.0
3.206520146520146
0.18615384615384614
2.8946520146520145
0.7325274725274725
2.0557509157509157
1.9203663003663003
0.9041758241758242
2.6673992673992672
0.3449084249084249
3.3
0.0
3.2903296703296703
0.527032967032967
2.2999267399267396
1.2724542124542124
1.4852014652014651
2.497362637362637
0.49963369963369964
2.948644688644688
0.14989010989010987
3.3
0.04996336996336996
2.913992673992674
0.9154578754578754
1.9227838827838826
1.834139194139194
1.0178021978021976
2.8736996336996334
0.0
3.2516483516483516
0.14908424908424908
3.1767032967032964
0.36424908424908425
2.713333333333333
1.4336263736263737
1.3199999999999998
2.2684981684981684
0.5842490842490843
3.0445421245421245
0.0
3.2790476190476188
0.21032967032967032
2.868058608058608
0.7575091575091575
2.086373626373626
1.8897435897435897
1.004102564102564
2.709304029304029
0.40293040293040294
3.27018315018315
0.0
3.2057142857142855
0.4810989010989011
2.487692307692307
1.1926739926739927
1.6608791208791207
2.2475457875457874
0.5060805860805861
3.0840293040293036
0.21274725274725273
3.3
0.028205128205128206
2.9196336996336996
0.8501831501831502
1.917142857142857
1.6834432234432235
1.1145054945054944
2.8245421245421247
0.12087912087912088
3.2129670329670326
0.09509157509157509
3.1444688644688643
0.25868131868131866
2.5658608058608054
1.3280586080586079
1.6294505494505493
2.266886446886447
0.6785347985347985
3.295970695970696
0.0
3.3
0.2643223443223443
2.8873992673992674
0.8598534798534798
2.1065201465201464
1.8284981684981685
0.7615384615384615
2.718168498168498
0.02095238095238095
3.2347252747252746
0.0
3.1597802197802194
0.5342857142857143
2.5199267399267398
1.0919413919413918
1.6528205128205127
2.3539194139194137
0.5528205128205127
2.98007326007326
0.11120879120879121
3.3
0.47868131868131863
2.9905494505494503
0.8356776556776556
2.0646153846153847
1.8478388278388278
1.1145054945054944
2.6907692307692304
0.21677655677655677
3.3
0.0838095238095238
3.005860805860806
0.2578754578754579
2.464322344322344
1.3038827838827838
1.597216117216117
2.2185347985347983
0.6487179487179487
2.9550915750915747
0.05802197802197802
3.3
0.27238095238095233
2.874505494505494
0.8276190476190476
2.071868131868132
1.7205128205128206
0.7631501831501831
2.7745787545787546
0.24014652014652013
3.1484981684981683
0.0
3.3
0.4158241758241758
2.437728937728938
1.1983150183150182
1.6915018315018315
2.3974358974358974
0.5358974358974359
3.1146520146520147
0.1934065934065934
3.1936263736263735
0.16197802197802197
3.017948717948718
0.5769963369963369
2.015457875457875
1.6399267399267399
1.1330402930402932
2.6698168498168497
0.14989010989010987
3.3
0.012087912087912088
3.2129670329670326
0.3884249084249084
2.540879120879121
1.1805860805860806
1.5021245421245422
2.3136263736263736
0.7454212454212454
3.0606593406593405
0.0
3.3
0.12490842490842491
2.851135531135531
0.9686446886446887
2.1766300366300366
1.6915018315018315
1.0258608058608059
2.729450549450549
0.25384615384615383
3.1146520146520147
0.0
3.3
0.30058608058608055
2.46029304029304
1.303076923076923
1.3715750915750915
2.1854945054945056
0.6116483516483516
2.8180952380952378
0.06527472527472528
3.2669597069597067
0.14989010989010987
3.042124542124542
0.8936996336996337
2.074285714285714
1.7205128205128206
1.286153846153846
2.609377289377289
0.5036630036630036
3.3
0.0
3.1347985347985348
0.4005128205128205
2.5392673992673993
1.3272527472527471
1.6068864468864468
2.2443223443223443
0.6519413919413919
2.897069597069597
0.11765567765567765
3.3
0.0
2.876923076923077
0.7865201465201465
2.2322344322344323
1.5956043956043957
1.1008058608058608
2.735897435897436
0.2683516483516483
3.174285714285714
0.06688644688644688
3.296776556776557
0.21516483516483514
2.532820512820513
1.2643956043956044
1.6568498168498167
2.1032967032967034
0.7244688644688644
3.208131868131868
0.04593406593406593
3.167032967032967
0.22483516483516483
3.0904761904761906
0.5737728937728938
2.0815384615384613
1.7277655677655677
1.0766300366300368
2.5537728937728934
0.44080586080586076
3.3
0.0
3.295164835164835
0.38520146520146514
2.735897435897436
0.9662271062271062
1.6769963369963368
2.0267399267399266
0.7462271062271062
2.958315018315018
0.08864468864468865
3.3
0.11926739926739927
2.9550915750915747
0.7075457875457875
2.1790476190476187
1.581904761904762
1.1660805860805858
2.695604395604396
0.10798534798534798
3.167032967032967
0.0032234432234432234
3.206520146520146
0.26673992673992675
2.751208791208791
1.1564102564102565
1.5746520146520147
1.9638827838827837
0.7059340659340658
3.0808058608058606
0.1845421245421245
3.2032967032967035
0.029816849816849816
3.065494505494505
0.5906959706959707
2.2136996336996337
1.7043956043956043
1.2015384615384617
2.501391941391941
0.3997069597069597
3.2516483516483516
0.009670329670329669
3.1936263736263735
0.37956043956043956
2.729450549450549
1.0024908424908425
1.8268864468864467
2.2153113553113553
0.7228571428571429
2.936556776556776
0.11282051282051282
3.3
0.038681318681318674
2.9679853479853477
0.7284981684981685
2.233040293040293
1.6133333333333333
1.220879120879121
2.6843223443223443
0.3110622710622711
3.0638827838827836
0.0
3.3
0.20952380952380953
2.565054945054945
1.2265201465201463
1.7986813186813186
2.0396336996336997
0.7671794871794871
3.0405128205128205
0.06366300366300366
3.256483516483516
0.13296703296703297
3.0904761904761906
0.5318681318681319
2.2523809523809524
1.7317948717948717
1.2635897435897434
2.5005860805860807
0.3191208791208791
3.2887179487179488
0.0
3.2903296703296703
0.3618315018315018
2.804395604395604
0.9976556776556775
1.6995604395604396
2.3458608058608057
0.7599267399267399
2.843882783882784
0.07575091575091575
3.3
0.009670329670329669
2.937362637362637
0.6793406593406592
2.3619780219780218
1.5649816849816849
1.2627838827838826
2.6778754578754578
0.38197802197802194
2.948644688644688
0.25545787545787546
3.183956043956044
0.21435897435897436
2.727838827838828
1.1556043956043955
1.755970695970696
2.1403663003663
0.8155311355311355
3.0767765567765566
0.0709157509157509
3.2129670329670326
0.05721611721611721
3.0961172161172157
0.20227106227106226
2.162124542124542
1.6447619047619046
1.2845421245421245
2.4224175824175824
0.5101098901098902
3.2613186813186807
0.0
3.216190476190476
0.365054945054945
2.6633699633699632
0.9839560439560439
1.8905494505494504
2.16051282051282
0.7164102564102564
3.179120879120879
0.18776556776556777
3.3
0.12652014652014654
3.049377289377289
0.4432234432234432
2.265274725274725
1.3554578754578752
1.24021978021978
2.5876190476190475
0.22805860805860806
3.005054945054945
0.10959706959706958
3.3
0.15794871794871793
2.8003663003663
1.1967032967032967
1.8373626373626373
1.9235897435897436
0.8195604395604396
2.745567765567765
0.06446886446886448
3.1952380952380954
0.10637362637362636
3.1202930402930398
0.6535531135531135
2.3297435897435896
1.6439560439560439
1.3054945054945055
2.4264468864468864
0.3312087912087912
3.256483516483516
0.0
3.061465201465201
0.3271794871794872
2.41032967032967
1.0049084249084248
1.8284981684981685
2.1057142857142854
0.7494505494505495
2.8954578754578755
0.22
3.3
0.0
3.071135531135531
0.6438827838827839
2.277362637362637
1.3264468864468864
1.4852014652014651
2.598095238095238
0.3384615384615385
3.067106227106227
0.10959706959706958
3.163809523809524
0.11684981684981685
2.7165567765567764
1.0983882783882783
1.7753113553113553
2.1556776556776556
0.892087912087912
2.9663736263736262
0.07736263736263735
3.3
0.13296703296703297
3.1525274725274723
0.42146520146520144
2.266886446886447
1.6326739926739926
1.2515018315018314
2.3853479853479853
0.3424908424908425
3.2315018315018316
0.0
3.3
0.27238095238095233
2.731062271062271
0.9493040293040292
1.9477655677655676
1.772087912087912
0.7824908424908424
2.874505494505494
0.05479853479853479
3.3
0.0
3.067106227106227
0.5842490842490843
2.324908424908425
1.4030036630036629
1.3554578754578752
2.5287912087912088
0.2691575091575092
3.0840293040293036
0.3134798534798534
3.3
0.12974358974358974
2.7165567765567764
1.1773626373626374
1.6681318681318682
1.8752380952380951
0.9613919413919413
2.942197802197802
0.0
3.2629304029304027
0.09106227106227106
3.1315750915750913
0.3876190476190476
2.4385347985347985
1.5577289377289376
1.3949450549450548
2.3603663003663002
0.36747252747252745
3.2250549450549446
0.0
3.2645421245421242
0.2772161172161172
2.4747985347985346
0.884029304029304
1.9276190476190476
1.9115018315018313
0.8292307692307692
2.855164835164835
0.1772893772893773
3.3
0.0
3.1613919413919414
0.5560439560439561
2.258827838827839
1.2829304029304027
1.510989010989011
2.565054945054945
0.42065934065934063
2.734285714285714
0.1515018315018315
3.3
0.09267399267399268
2.808424908424908
0.9686446886446887
1.9155311355311353
1.8107692307692307
1.0097435897435896
2.73992673992674
0.12732600732600732
3.2355311355311356
0.1257142857142857
3.1227106227106227
0.39084249084249084
2.4216117216117214
1.5883516483516482
1.3385347985347984
2.3321611721611717
0.4536996336996337
3.1484981684981683
0.020146520146520148
3.0920879120879117
0.2788278388278388
2.9704029304029302
0.8147252747252747
1.9405128205128204
2.104102564102564
0.8211721611721611
2.8293772893772893
0.30461538461538457
3.2532600732600727
0.0
3.1855677655677654
0.5221978021978022
2.349084249084249
1.3296703296703296
1.5303296703296703
2.441758241758242
0.23047619047619047
3.1122344322344317
0.17406593406593404
3.2178021978021976
0.09186813186813186
2.8060073260073257
0.9106227106227106
1.9985347985347985
1.8470329670329668
1.0210256410256409
2.706080586080586
0.0
3.3
0.12893772893772895
3.0227838827838824
0.4279120879120879
2.556996336996337
