0.7115750915750915
2.88014652014652
0.40534798534798533
2.85032967032967
0.5302564102564102
2.6488644688644687
0.7244688644688644
2.784249084249084
0.4456410256410256
2.847106227106227
0.5012454212454213
2.8326007326007328
0.5745787545787546
2.8027838827838827
0.4142124542124542
2.85032967032967
0.4383882783882783
2.7649084249084246
0.535091575091575
2.7326739926739925
0.48029304029304026
2.864835164835165
0.435970695970696
2.8712820512820514
0.614065934065934
2.7858608058608056
0.49157509157509155
2.9035164835164835
0.2336996336996337
2.860805860805861
0.6277655677655677
2.7745787545787546
0.5157509157509158
2.9115750915750915
0.40776556776556777
2.8180952380952378
0.5036630036630036
2.783443223443223
0.6205128205128205
2.7745787545787546
0.36747252747252745
2.8414652014652013
0.47706959706959706
2.759267399267399
0.6197069597069597
2.876923076923077
0.6519413919413919
2.9067399267399265
0.4424175824175824
2.76007326007326
0.5786080586080586
2.874505494505494
0.44
3.0517948717948715
0.35538461538461535
2.848717948717949
0.6479120879120879
2.8358241758241753
0.531062271062271
2.924468864468864
0.28608058608058606
2.9276923076923076
0.5439560439560439
2.8326007326007328
0.5769963369963369
3.1001465201465197
0.39084249084249084
2.913992673992674
0.697069597069597
2.7423443223443225
0.5246153846153846
2.8003663003663
0.4005128205128205
2.8068131868131867
0.3626373626373626
2.6649816849816848
0.7454212454212454
2.834212454212454
0.498021978021978
2.916410256410256
0.4142124542124542
2.999413919413919
0.5342857142857143
2.638388278388278
0.4456410256410256
2.892234432234432
0.6745054945054945
2.864835164835165
0.49076923076923074
2.880952380952381
0.49076923076923074
2.8736996336996334
0.38117216117216113
3.058241758241758
0.5060805860805861
2.8632234432234434
0.5181684981684982
2.9099633699633696
0.3747252747252747
2.8164835164835167
0.41340659340659336
2.779413919413919
0.49963369963369964
2.868058608058608
0.30542124542124544
3.05018315018315
0.4238827838827839
2.784249084249084
0.502051282051282
2.9276923076923076
0.42146520146520144
2.9615384615384617
0.3884249084249084
2.8116483516483513
0.4956043956043956
2.855164835164835
0.49963369963369964
2.942197802197802
0.3295970695970695
2.856776556776557
0.5375091575091575
2.7850549450549447
0.42549450549450546
2.9986080586080583
0.3449084249084249
2.8575824175824174
0.4061538461538461
2.803589743589743
0.43274725274725273
2.8906227106227105
0.3328205128205128
3.0195604395604394
0.47868131868131863
2.792307692307692
0.45450549450549443
2.7745787545787546
0.498021978021978
2.979267399267399
0.6833699633699633
2.8374358974358973
0.5173626373626373
2.858388278388278
0.38520146520146514
2.9357509157509156
0.3626373626373626
2.8535531135531134
0.39567765567765567
2.8285714285714287
0.43113553113553116
3.021172161172161
0.37956043956043956
2.9357509157509156
0.49882783882783877
2.912380952380952
0.5149450549450549
2.937362637362637
0.4424175824175824
2.921245421245421
0.32234432234432236
2.8197069597069593
0.4561172161172161
2.9228571428571426
0.31267399267399265
3.017948717948718
0.37956043956043956
2.8172893772893772
0.4819047619047619
2.913186813186813
0.40293040293040294
2.8253479853479853
0.3424908424908425
2.8753113553113554
0.48271062271062265
2.913186813186813
0.32234432234432236
3.013113553113553
0.38117216117216113
2.9147985347985346
0.5367032967032966
3.163003663003663
0.3843956043956044
3.038901098901099
0.28124542124542123
2.98974358974359
0.41904761904761906
2.864029304029304
0.4553113553113553
2.948644688644688
0.2651282051282051
2.9744322344322343
0.3924542124542124
2.8285714285714287
0.4851282051282051
2.94058608058608
0.4835164835164835
3.0066666666666664
0.4021245421245421
2.932527472527472
0.43677655677655675
2.929304029304029
0.40776556776556777
3.0324542124542124
0.36747252747252745
2.8100366300366297
0.5898901098901098
2.8857875457875455
0.4158241758241758
2.948644688644688
0.40776556776556777
2.9671794871794868
0.5076923076923077
2.7665201465201466
0.5818315018315018
2.944615384615384
0.3312087912087912
3.0808058608058606
0.4037362637362637
2.932527472527472
0.33926739926739924
2.9720146520146518
0.3150915750915751
3.0195604395604394
0.3658608058608058
2.95025641025641
0.2522344322344322
2.851941391941392
0.3328205128205128
3.0727472527472526
0.3271794871794872
2.826153846153846
0.47545787545787543
2.932527472527472
0.3150915750915751
3.0324542124542124
0.3626373626373626
2.9744322344322343
0.33926739926739924
2.932527472527472
0.36666666666666664
2.7987545787545787
0.26996336996336995
3.0405128205128205
0.44805860805860803
2.999413919413919
0.41501831501831504
3.0703296703296705
0.3723076923076923
3.0517948717948715
0.30542124542124544
2.9147985347985346
0.46014652014652013
2.992967032967033
0.3038095238095238
2.9276923076923076
0.4383882783882783
2.948644688644688
0.3779487179487179
2.983296703296703
0.38358974358974357
2.942197802197802
0.3255677655677655
2.8986813186813185
0.5076923076923077
2.942197802197802
0.23934065934065932
3.095311355311355
0.3078388278388278
2.9454212454212456
0.37150183150183147
2.772161172161172
0.4037362637362637
3.0743589743589745
0.31267399267399265
2.9309157509157506
0.44805860805860803
2.901098901098901
0.35538461538461535
3.0195604395604394
0.22241758241758242
3.0928937728937727
0.2715750915750916
2.896263736263736
0.38278388278388276
2.971208791208791
0.3304029304029304
3.125128205128205
0.6632234432234432
2.8696703296703294
0.3078388278388278
2.7810256410256406
0.303003663003663
3.0316483516483514
0.28205128205128205
2.929304029304029
0.4158241758241758
2.929304029304029
0.32879120879120877
3.1098168498168497
0.19501831501831499
3.0163369963369964
0.39164835164835166
2.8245421245421247
0.38197802197802194
3.013113553113553
0.26673992673992675
3.037289377289377
0.5407326007326007
2.889010989010989
0.3489377289377289
3.038901098901099
0.23853479853479853
3.0743589743589745
0.31267399267399265
3.001831501831502
0.13377289377289375
3.005860805860806
0.2345054945054945
3.1533333333333333
0.20146520146520147
3.0356776556776555
0.40131868131868126
3.0195604395604394
0.23611721611721612
2.9655677655677657
0.4061538461538461
2.971208791208791
0.40857142857142853
2.916410256410256
0.2578754578754579
2.9776556776556777
0.23853479853479853
2.984102564102564
0.32798534798534795
2.9510622710622707
0.4391941391941392
3.125128205128205
0.3271794871794872
3.034065934065934
0.37875457875457874
3.057435897435897
0.3094505494505494
3.103369963369963
0.24417582417582417
3.2306959706959706
0.4126007326007326
2.9389743589743587
0.4045421245421245
3.3
0.19824175824175824
3.187179487179487
0.28205128205128205
3.0308424908424905
0.34410256410256407
3.0679120879120876
0.28124542124542123
3.1412454212454213
0.32395604395604394
3.0195604395604394
0.21032967032967032
3.079194139194139
0.2635164835164835
3.077582417582417
0.23208791208791207
3.029230769230769
0.5705494505494506
2.9776556776556777
0.14505494505494507
3.1968498168498165
0.07172161172161172
3.0969230769230767
0.3449084249084249
2.87047619047619
0.0
3.0517948717948715
0.21274725274725273
3.0920879120879117
0.3255677655677655
2.8197069597069593
0.16117216117216118
3.0558241758241755
0.19260073260073257
3.232307692307692
0.40131868131868126
2.984102564102564
0.39164835164835166
3.003443223443223
0.19663003663003661
3.045347985347985
0.14263736263736265
3.013113553113553
0.3586080586080586
2.912380952380952
0.2530402930402931
3.103369963369963
0.2465934065934066
3.071135531135531
0.444029304029304
2.98007326007326
0.273992673992674
3.2113553113553115
0.19743589743589743
3.079194139194139
0.3021978021978022
2.993772893772894
0.2957509157509157
3.1098168498168497
0.0
3.3
0.44483516483516483
2.98007326007326
0.3424908424908425
2.9357509157509156
0.17567765567765567
3.0243956043956044
0.16439560439560438
2.9728205128205127
0.3207326007326007
2.9478388278388277
0.21516483516483514
3.063076923076923
0.2232234432234432
3.158168498168498
0.20952380952380953
3.0284249084249084
0.3723076923076923
3.1259340659340658
0.13619047619047617
3.095311355311355
0.2570695970695971
3.0356776556776555
0.2715750915750916
2.8753113553113554
0.2345054945054945
3.1444688644688643
0.0
3.017948717948718
0.36989010989010984
3.087252747252747
0.2868864468864469
3.132380952380952
0.18534798534798536
3.1726739926739924
0.17245421245421244
3.0066666666666664
0.15230769230769228
3.138827838827839
0.24175824175824176
3.2274725274725276
0.3432967032967033
3.1090109890109887
0.2111355311355311
3.1001465201465197
0.2063003663003663
3.1057875457875457
0.35619047619047617
2.9961904761904763
0.21032967032967032
3.174285714285714
0.29736263736263735
3.0324542124542124
0.32234432234432236
3.021978021978022
0.19743589743589743
3.154945054945055
0.1813186813186813
3.1178754578754577
0.29736263736263735
3.0606593406593405
0.20227106227106226
3.061465201465201
0.15956043956043955
3.3
0.2063003663003663
2.9631501831501827
0.3473260073260073
3.0679120879120876
0.20388278388278389
3.187179487179487
0.1684249084249084
2.912380952380952
0.30622710622710625
3.1227106227106227
0.20065934065934063
3.3
0.1547252747252747
3.0888644688644686
0.32395604395604394
3.0679120879120876
0.22
3.3
0.1813186813186813
3.3
0.45289377289377286
3.1122344322344317
0.16036630036630034
3.1734798534798534
0.05641025641025641
3.17992673992674
0.2925274725274725
2.993772893772894
0.26029304029304023
3.1404395604395603
0.14908424908424908
3.27018315018315
0.20952380952380953
3.0485714285714285
0.136996336996337
2.9567032967032962
0.016923076923076923
3.1613919413919414
0.2063003663003663
2.851135531135531
0.26673992673992675
3.133992673992674
0.1386080586080586
3.216190476190476
0.21838827838827837
3.1057875457875457
0.2772161172161172
2.932527472527472
0.20388278388278389
3.1936263736263735
0.1506959706959707
3.0324542124542124
0.2594871794871795
3.0163369963369964
0.24739926739926738
3.1404395604395603
0.14827838827838827
3.113040293040293
0.24981684981684982
2.9268864468864466
0.4553113553113553
3.167838827838828
0.0
3.174285714285714
0.19179487179487179
3.0969230769230767
0.303003663003663
3.1928205128205125
0.16600732600732598
3.269377289377289
0.19985347985347984
3.0308424908424905
0.42146520146520144
3.0840293040293036
0.2482051282051282
3.2234432234432235
0.1635897435897436
2.918021978021978
0.2731868131868132
3.0969230769230767
0.019340659340659337
3.2508424908424907
0.11443223443223442
3.183956043956044
0.1805128205128205
3.1356043956043953
0.2772161172161172
3.1928205128205125
0.10315018315018315
3.3
0.29413919413919415
3.0042490842490843
0.10395604395604395
3.1154578754578752
0.0
3.2452014652014647
0.1934065934065934
2.926080586080586
0.29010989010989013
3.0936996336996336
0.10073260073260074
3.2887179487179488
0.25545787545787546
3.0920879120879117
0.31589743589743585
3.1525274725274723
0.1845421245421245
3.0485714285714285
0.10637362637362636
3.2290842490842486
0.028205128205128206
3.1315750915750913
0.08300366300366299
3.2290842490842486
0.13054945054945055
3.274212454212454
0.1547252747252747
3.083223443223443
0.2578754578754579
3.204102564102564
0.15553113553113554
3.206520146520146
0.2336996336996337
3.0896703296703296
0.24578754578754577
3.1726739926739924
0.18373626373626373
3.3
0.17164835164835165
3.0646886446886445
0.5157509157509158
3.1291575091575092
0.0
3.1895970695970695
0.17890109890109887
3.1484981684981683
0.2643223443223443
2.9397802197802196
0.22483516483516483
3.0437362637362635
0.10556776556776555
3.174285714285714
0.39809523809523806
3.1259340659340658
0.11523809523809524
3.3
0.04351648351648351
3.2145787545787545
0.2208058608058608
3.1347985347985348
0.22967032967032966
3.228278388278388
0.17648351648351646
3.258095238095238
0.1418315018315018
3.0324542124542124
0.22402930402930402
3.0646886446886445
0.12007326007326007
3.2306959706959706
0.07333333333333333
3.0743589743589745
0.2909157509157509
3.1968498168498165
0.02901098901098901
3.3
0.15633699633699633
3.2766300366300363
0.19098901098901097
3.3
0.010476190476190476
3.2452014652014647
0.13538461538461538
3.1452747252747253
0.3723076923076923
3.0558241758241755
0.2063003663003663
3.2838827838827838
0.11765567765567765
3.3
0.19501831501831499
3.0598534798534796
0.0
3.2613186813186807
0.25545787545787546
3.1001465201465197
0.19904761904761903
3.062271062271062
0.22564102564102564
3.19040293040293
0.038681318681318674
3.2290842490842486
0.19663003663003661
3.0679120879120876
0.26029304029304023
3.2258608058608056
0.051575091575091575
3.2548717948717947
0.13296703296703297
2.9397802197802196
0.22967032967032966
3.163809523809524
0.06769230769230769
3.2258608058608056
0.09992673992673992
3.15010989010989
0.17245421245421244
3.3
0.10315018315018315
3.1936263736263735
0.11926739926739927
3.1887912087912085
0.655164835164835
3.154945054945055
0.1813186813186813
3.287106227106227
0.051575091575091575
3.1734798534798534
0.15875457875457874
3.1307692307692307
0.3344322344322344
3.2435897435897436
0.04996336996336996
3.2572893772893767
0.058827838827838826
3.128351648351648
0.2369230769230769
3.19040293040293
0.07736263736263735
3.3
0.3134798534798534
3.1726739926739924
0.2691575091575092
3.1146520146520147
0.058827838827838826
3.3
0.051575091575091575
3.2290842490842486
0.18534798534798536
3.125128205128205
0.0
3.26051282051282
0.08461538461538462
3.2903296703296703
0.2868864468864469
3.1775091575091574
0.15553113553113554
3.3
0.03545787545787545
3.206520146520146
0.15633699633699633
3.1291575091575092
0.02498168498168498
3.17992673992674
0.006446886446886447
3.1436630036630033
0.1232967032967033
2.924468864468864
0.0427106227106227
3.1259340659340658
0.06688644688644688
3.2645421245421242
0.10315018315018315
3.1162637362637358
0.1797069597069597
3.154945054945055
0.06446886446886448
3.3
0.0709157509157509
3.069523809523809
0.28608058608058606
3.154139194139194
0.07978021978021978
3.3
0.0
3.232307692307692
0.18695970695970693
3.1452747252747253
0.18212454212454213
3.2355311355311356
0.15794871794871793
3.2298901098901096
0.0
3.150915750915751
0.24417582417582417
3.2178021978021976
0.017728937728937726
3.2935531135531133
0.07575091575091575
3.1412454212454213
0.20065934065934063
3.2057142857142855
0.0
3.2774358974358972
0.04593406593406593
3.1605860805860804
0.16439560439560438
3.0324542124542124
0.07897435897435896
3.3
0.029816849816849816
3.1372161172161173
0.15311355311355312
3.1404395604395603
0.1241025641025641
3.3
0.03948717948717948
3.179120879120879
0.16600732600732598
3.1775091575091574
0.13538461538461538
3.3
0.0
3.2315018315018316
0.19260073260073257
3.2411721611721607
0.16439560439560438
3.1928205128205125
0.0
3.2645421245421242
0.19904761904761903
3.113040293040293
0.17003663003663003
3.2452014652014647
0.1257142857142857
3.3
0.11604395604395604
3.1807326007326004
0.24095238095238095
3.1484981684981683
0.07172161172161172
3.3
0.12087912087912088
3.138827838827839
0.2788278388278388
3.1202930402930398
0.09750915750915749
3.3
0.010476190476190476
3.2645421245421242
0.1676190476190476
3.192014652014652
0.08864468864468865
3.2903296703296703
0.0
3.3
0.1635897435897436
3.228278388278388
0.15230769230769228
3.287106227106227
0.0
3.274212454212454
0.14666666666666667
3.1315750915750913
0.09428571428571428
3.3
0.0
3.3
0.05479853479853479
3.083223443223443
0.11604395604395604
3.2572893772893767
0.0
3.3
0.03223443223443224
3.2032967032967035
0.16923076923076924
3.077582417582417
0.14505494505494507
3.3
0.03062271062271062
3.283076923076923
0.037875457875457874
3.3
0.09589743589743589
3.3
0.0
3.3
0.15553113553113554
3.1936263736263735
0.022564102564102562
3.3
0.009670329670329669
3.1122344322344317
0.04351648351648351
3.163003663003663
0.1241025641025641
3.2556776556776557
0.09186813186813186
3.2854945054945053
0.022564102564102562
3.1484981684981683
0.2836630036630036
3.26051282051282
0.023369963369963366
3.2516483516483516
0.025787545787545788
3.146886446886447
0.11443223443223442
3.2516483516483516
0.05479853479853479
3.2774358974358972
0.24095238095238095
3.146886446886447
0.12168498168498168
3.3
0.012893772893772894
3.248424908424908
0.09428571428571428
3.244395604395604
0.12490842490842491
3.2194139194139195
0.07494505494505493
3.1952380952380954
0.04996336996336996
3.1734798534798534
0.17567765567765567
3.1291575091575092
0.0
3.3
0.0
3.2935531135531133
0.10959706959706958
3.2186080586080585
0.12732600732600732
3.262124542124542
0.0
3.3
0.05479853479853479
3.183150183150183
0.08139194139194138
3.2218315018315016
0.0
3.2983882783882783
0.05641025641025641
3.1565567765567764
0.16923076923076924
3.3
0.0
3.3
0.040293040293040296
3.15010989010989
0.21838827838827837
3.3
0.0
3.2129670329670326
0.0
3.269377289377289
0.15714285714285714
3.1493040293040293
0.1378021978021978
3.3
0.07736263736263735
3.1436630036630033
0.12893772893772895
3.237948717948718
0.08783882783882783
3.3
0.0
3.3
0.06285714285714285
3.244395604395604
0.136996336996337
3.3
0.06769230769230769
3.3
0.11846153846153845
3.0526007326007325
0.0
3.2411721611721607
0.36424908424908425
3.3
0.08219780219780219
3.113040293040293
0.13538461538461538
3.248424908424908
0.0
3.3
0.16923076923076924
3.3
0.03465201465201465
3.224249084249084
0.038681318681318674
3.3
0.0
3.248424908424908
0.08783882783882783
3.2355311355311356
0.006446886446886447
3.3
0.08622710622710622
3.3
0.1797069597069597
3.2798534798534797
0.029816849816849816
3.3
0.0
3.2258608058608056
0.055604395604395604
3.1928205128205125
0.11765567765567765
3.3
0.0
3.3
0.09992673992673992
3.163003663003663
0.05318681318681318
3.2306959706959706
0.0
3.3
0.2175824175824176
3.146886446886447
0.10315018315018315
3.2838827838827838
0.0
3.256483516483516
0.0
3.3
0.2328937728937729
3.232307692307692
0.0
3.3
0.1087912087912088
3.3
0.07897435897435896
3.0969230769230767
0.0
3.3
0.0
3.187179487179487
0.10073260073260074
3.204102564102564
0.019340659340659337
3.3
0.0
3.2717948717948717
0.10476190476190476
3.1807326007326004
0.03706959706959707
3.3
0.0
3.3
0.03062271062271062
3.2339194139194136
0.09992673992673992
3.183150183150183
0.0
3.3
0.055604395604395604
3.1895970695970695
0.28285714285714286
3.187179487179487
0.0
3.3
0.0
3.150915750915751
0.0838095238095238
3.1613919413919414
0.0
3.3
0.0
3.1694505494505494
0.15794871794871793
3.2194139194139195
0.07252747252747253
3.3
0.0
3.3
0.1418315018315018
3.2016849816849815
0.0
3.295164835164835
0.01531135531135531
3.3
0.08864468864468865
3.167838827838828
0.05479853479853479
3.0679120879120876
0.0
3.3
0.08058608058608059
3.2032967032967035
0.29816849816849816
3.3
0.0
3.3
0.2594871794871795
3.3
0.09589743589743589
3.2645421245421242
0.023369963369963366
3.3
0.0838095238095238
3.138021978021978
0.1386080586080586
3.0646886446886445
0.0
3.2629304029304027
0.0
3.20007326007326
0.24417582417582417
3.15010989010989
0.024175824175824177
3.3
0.0
3.2290842490842486
0.1506959706959707
3.175897435897436
0.04673992673992673
3.3
0.011282051282051281
3.3
0.07736263736263735
3.2387545787545786
0.03545787545787545
3.3
0.0
3.3
0.03706959706959707
3.2766300366300363
0.1515018315018315
3.2516483516483516
0.0
3.3
0.029816849816849816
3.2508424908424907
0.13377289377289375
3.287106227106227
0.0
3.3
0.0
3.3
0.11282051282051282
3.3
0.0
3.3
0.0
3.2097435897435895
0.0838095238095238
3.2637362637362637
0.06608058608058608
3.3
0.004835164835164834
3.187179487179487
0.10959706959706958
3.1227106227106227
0.0
3.283076923076923
0.0
3.3
0.006446886446886447
3.3
0.04351648351648351
3.3
0.0
3.2766300366300363
0.16278388278388276
3.2089377289377286
0.0
3.3
0.0
3.3
0.0
3.2838827838827838
0.12007326007326007
3.3
0.0
3.3
0.012893772893772894
3.2452014652014647
0.14586080586080585
3.2411721611721607
0.1684249084249084
3.3
0.0
3.2347252747252746
0.1547252747252747
3.228278388278388
0.03304029304029304
3.3
0.12087912087912088
3.3
0.023369963369963366
3.269377289377289
0.08622710622710622
3.3
0.0
3.3
0.0
3.2411721611721607
0.08945054945054944
3.3
0.0
3.2943589743589743
0.0
3.3
0.03304029304029304
3.2387545787545786
0.019340659340659337
3.3
0.06366300366300366
3.2822710622710622
0.049157509157509154
3.1767032967032964
0.07575091575091575
3.237948717948718
0.0
3.3
0.10637362637362636
3.1895970695970695
0.06769230769230769
3.3
0.0
3.3
0.0
3.3
0.10476190476190476
3.2548717948717947
0.06043956043956044
3.3
0.0
3.3
0.0008058608058608059
3.2194139194139195
0.04593406593406593
3.3
0.027399267399267395
3.3
0.0838095238095238
3.2097435897435895
0.0
3.26051282051282
0.00402930402930403
3.3
0.06608058608058608
3.244395604395604
0.02901098901098901
3.3
0.0
3.3
0.0
3.113040293040293
0.0
3.3
0.0
3.3
0.0
3.2935531135531133
0.2369230769230769
3.2347252747252746
0.058827838827838826
3.3
0.0
3.3
0.07333333333333333
3.2645421245421242
0.0
3.3
0.0
3.3
0.10556776556776555
3.2806593406593403
0.00805860805860806
3.3
0.0
3.3
0.0
3.3
0.20952380952380953
3.2387545787545786
0.0
