0.41501831501831504
0.6599999999999999
2.8414652014652013
2.797142857142857
0.27802197802197803
0.531062271062271
3.0405128205128205
2.6416117216117216
0.45450549450549443
0.659194139194139
2.8906227106227105
2.8454945054945053
0.39567765567765567
0.5810256410256409
3.171062271062271
2.6778754578754578
0.3586080586080586
0.6704761904761904
2.90029304029304
2.6778754578754578
0.4512820512820513
0.5560439560439561
2.995384615384615
2.65047619047619
0.3175091575091575
0.7067399267399267
2.844688644688645
2.752014652014652
0.4416117216117216
0.5181684981684982
2.9454212454212456
2.6545054945054942
0.34087912087912087
0.6559706959706959
2.929304029304029
2.76007326007326
0.3013919413919414
0.49963369963369964
3.0969230769230767
2.482051282051282
0.29413919413919415
0.6672527472527472
2.803589743589743
2.7665201465201466
0.46498168498168496
0.5431501831501832
3.059047619047619
2.718974358974359
0.09428571428571428
0.7510622710622711
2.9413919413919416
2.5553846153846154
0.45289377289377286
0.5487912087912087
3.017948717948718
2.779413919413919
0.3731135531135531
0.6269597069597068
3.0066666666666664
2.5553846153846154
0.4698168498168498
0.5753846153846154
2.954285714285714
2.761684981684981
0.36747252747252745
0.7575091575091575
3.041318681318681
2.616630036630036
0.6503296703296703
0.5584615384615385
2.993772893772894
2.761684981684981
0.3465201465201465
0.5705494505494506
3.1227106227106227
2.6134065934065935
0.5221978021978022
0.5689377289377289
2.913992673992674
2.804395604395604
0.3191208791208791
0.6342124542124542
3.0606593406593405
2.5553846153846154
0.37553113553113554
0.5600732600732601
2.835018315018315
2.805201465201465
0.1772893772893773
0.5778021978021978
3.062271062271062
2.506227106227106
0.473040293040293
0.6873992673992673
2.6714285714285713
2.7423443223443225
0.3344322344322344
0.5955311355311355
3.067106227106227
2.5715018315018314
0.4625641025641025
0.8542124542124542
2.8994871794871795
2.8116483516483513
0.32395604395604394
0.5729670329670329
3.0646886446886445
2.6416117216117216
0.3449084249084249
0.7035164835164834
2.8954578754578755
2.7665201465201466
0.4279120879120879
0.5495970695970696
3.0106959706959704
2.6520879120879117
0.46498168498168496
0.6946520146520146
2.9075457875457875
2.697216117216117
0.361025641025641
0.4230769230769231
3.079194139194139
2.5674725274725274
0.3094505494505494
0.7349450549450549
2.7866666666666666
2.6488644688644687
0.43355311355311354
0.5584615384615385
2.997802197802198
2.6690109890109888
0.25062271062271063
0.7526739926739926
2.9389743589743587
2.635164835164835
0.2522344322344322
0.601978021978022
3.038901098901099
2.7769963369963366
0.2522344322344322
0.49963369963369964
2.9639560439560437
2.6134065934065935
0.43355311355311354
0.6495238095238095
3.0066666666666664
2.7528205128205125
0.3505494505494505
0.46417582417582415
2.9728205128205127
2.6585347985347982
0.5125274725274724
0.6535531135531135
2.9389743589743587
2.747985347985348
0.46014652014652013
0.7986080586080585
2.984908424908425
2.647252747252747
0.4126007326007326
0.5802197802197803
3.026007326007326
2.755238095238095
0.12974358974358974
0.6865934065934066
3.2339194139194136
2.5545787545787544
0.4295238095238095
0.6052014652014651
2.8793406593406594
2.8535531135531134
0.2917216117216117
0.6882051282051281
3.0123076923076924
2.5956776556776555
0.4021245421245421
0.6817582417582417
2.897069597069597
2.639194139194139
0.3457142857142857
0.7067399267399267
3.0517948717948715
2.556996336996337
0.40293040293040294
0.7510622710622711
2.864835164835165
2.745567765567765
0.40695970695970696
0.539120879120879
3.061465201465201
2.5860073260073255
0.3747252747252747
0.70996336996337
2.95025641025641
2.7165567765567764
0.4859340659340659
0.6011721611721611
3.061465201465201
2.5142857142857142
0.298974358974359
0.8171428571428571
2.9454212454212456
2.6456410256410257
0.365054945054945
0.6148717948717949
3.0904761904761906
2.697216117216117
0.4343589743589743
0.6938461538461538
2.9027106227106225
2.6649816849816848
0.2893040293040293
0.6108424908424909
2.971208791208791
2.631135531135531
0.2063003663003663
0.7244688644688644
2.8946520146520145
2.623076923076923
0.35780219780219774
0.6269597069597068
3.026007326007326
2.5876190476190475
0.08945054945054944
0.7744322344322344
2.876923076923077
2.697216117216117
0.3545787545787546
0.5681318681318681
3.0904761904761906
2.574725274725275
0.4126007326007326
0.7430036630036629
2.952673992673992
2.568278388278388
0.09025641025641025
0.6616117216117215
3.0904761904761906
2.527985347985348
0.23208791208791207
0.8147252747252747
3.00989010989011
2.5545787545787544
0.44805860805860803
0.6189010989010988
2.942197802197802
2.6480586080586077
0.3424908424908425
0.8646886446886446
2.9607326007326003
2.406300366300366
0.4899633699633699
0.5826373626373627
3.0445421245421245
2.6536996336996337
0.2369230769230769
0.7655677655677655
3.0227838827838824
2.592454212454212
0.4045421245421245
0.6720879120879121
3.1082051282051277
2.6778754578754578
0.18857142857142856
0.7873260073260073
2.731062271062271
2.556996336996337
0.27641025641025635
0.4158241758241758
3.0195604395604394
2.476410256410256
0.21516483516483514
0.8517948717948718
2.9679853479853477
2.5578021978021974
0.6696703296703296
0.7857142857142857
3.099340659340659
2.6682051282051282
0.22644688644688643
0.8195604395604396
2.992967032967033
2.4788278388278386
0.27802197802197803
0.6793406593406592
2.9679853479853477
2.6520879120879117
0.3142857142857143
0.6422710622710622
3.045347985347985
2.536043956043956
0.3457142857142857
0.8074725274725274
2.952673992673992
2.6633699633699632
0.2328937728937729
0.722051282051282
3.19040293040293
2.612600732600732
0.33926739926739924
0.5495970695970696
2.971208791208791
2.623076923076923
0.1942124542124542
0.7276923076923076
3.187179487179487
2.481245421245421
0.33604395604395604
0.5560439560439561
2.958315018315018
2.734285714285714
0.2594871794871795
0.6761172161172161
3.1605860805860804
2.532014652014652
0.3021978021978022
0.7897435897435897
2.9784615384615383
2.606153846153846
0.2893040293040293
0.8147252747252747
3.125128205128205
2.6319413919413917
0.2731868131868132
0.7994139194139194
2.9824908424908423
2.5835897435897435
0.3175091575091575
0.7607326007326007
3.1065934065934067
2.544908424908425
0.22886446886446885
0.7502564102564102
3.025201465201465
2.61018315018315
0.25062271062271063
0.70996336996337
3.0840293040293036
2.5618315018315014
0.22725274725274722
0.7599267399267399
2.942197802197802
2.590842490842491
0.4778754578754578
0.6583882783882784
2.848717948717949
2.548937728937729
0.28446886446886444
0.9557509157509156
2.9808791208791208
2.523150183150183
0.3255677655677655
0.6148717948717949
3.132380952380952
2.578754578754579
0.25465201465201465
0.8018315018315019
3.063076923076923
2.5094505494505492
0.3376556776556776
0.6978754578754578
2.844688644688645
2.5876190476190475
0.14263736263736265
0.8300366300366301
2.501391941391941
2.556996336996337
0.2868864468864469
0.5358974358974359
3.0840293040293036
2.552967032967033
0.2216117216117216
0.8606593406593406
2.9905494505494503
2.4989743589743587
0.552014652014652
0.7107692307692307
3.0888644688644686
2.651282051282051
0.21274725274725273
0.7454212454212454
3.17025641025641
2.4256410256410255
0.31267399267399265
0.7083516483516483
2.9776556776556777
2.5739194139194135
0.14344322344322344
0.8405128205128204
3.0703296703296705
2.457875457875458
0.4859340659340659
0.8115018315018315
2.984102564102564
2.6238827838827836
0.2369230769230769
0.7252747252747253
3.1315750915750913
2.6416117216117216
0.35216117216117215
0.7744322344322344
3.005860805860806
2.632747252747252
0.17487179487179486
0.7937728937728937
3.1065934065934067
2.457875457875458
0.30542124542124544
0.9646153846153845
2.9808791208791208
2.729450549450549
0.08219780219780219
0.8211721611721611
3.158168498168498
2.494139194139194
0.11282051282051282
0.7687912087912088
2.9575091575091577
2.548937728937729
0.21274725274725273
0.7647619047619048
3.2129670329670326
2.536043956043956
0.3416849816849816
0.8034432234432234
2.8366300366300368
2.5618315018315014
0.27802197802197803
0.6172893772893773
3.1275457875457873
2.39985347985348
0.30864468864468864
0.7728205128205128
3.0123076923076924
2.604542124542124
0.18937728937728937
0.6414652014652014
3.1452747252747253
2.5618315018315014
0.30622710622710625
0.8348717948717949
2.925274725274725
2.6134065934065935
0.044322344322344324
0.7284981684981685
3.256483516483516
2.5287912087912088
0.2610989010989011
0.6978754578754578
3.0227838827838824
2.479633699633699
0.25868131868131866
0.8574358974358974
3.073553113553113
2.475604395604395
0.20952380952380953
0.7679853479853479
3.087252747252747
2.4627106227106226
0.25384615384615383
0.6680586080586081
3.1807326007326004
2.51025641025641
0.2796336996336996
0.8727472527472526
2.9736263736263737
2.6480586080586077
0.16197802197802197
0.6922344322344322
3.1533333333333333
2.4135531135531134
0.29655677655677654
0.8171428571428571
3.1041758241758237
2.532820512820513
0.08945054945054944
0.7639560439560439
3.1098168498168497
2.4610989010989006
0.2071062271062271
0.8558241758241758
2.948644688644688
2.4715750915750916
0.3505494505494505
0.7671794871794871
3.2798534798534797
2.6174358974358976
0.35780219780219774
0.9525274725274725
3.013113553113553
2.493333333333333
0.2868864468864469
0.7373626373626374
3.1090109890109887
2.5336263736263733
0.11846153846153845
0.954945054945055
3.1227106227106227
2.3337728937728937
0.3618315018315018
0.5665201465201466
3.154945054945055
2.523150183150183
0.40776556776556777
0.9057875457875457
3.037289377289377
2.5078388278388273
0.3078388278388278
0.8324542124542124
3.1057875457875457
2.6577289377289377
0.12974358974358974
0.8566300366300366
3.00989010989011
2.482051282051282
0.38278388278388276
0.7091575091575092
3.179120879120879
2.5030036630036627
0.15714285714285714
0.8235897435897436
3.038901098901099
2.616630036630036
0.356996336996337
0.7244688644688644
3.0888644688644686
2.4328937728937725
0.10315018315018315
0.8695238095238095
3.0799999999999996
2.444175824175824
0.3457142857142857
0.7776556776556777
3.041318681318681
2.6536996336996337
0.09912087912087912
0.8195604395604396
3.2355311355311356
2.479633699633699
0.3150915750915751
0.7164102564102564
3.0445421245421245
2.5860073260073255
0.2328937728937729
0.8945054945054945
3.061465201465201
2.4393406593406595
0.44
0.7002930402930403
2.9824908424908423
2.61018315018315
0.19018315018315018
0.8139194139194139
3.0767765567765566
2.386153846153846
0.21597069597069596
0.8292307692307692
3.0808058608058606
2.596483516483516
0.1684249084249084
1.0443956043956044
3.132380952380952
2.4925274725274726
0.3763369963369963
0.8437362637362638
3.011501831501831
2.56021978021978
0.09589743589743589
0.8896703296703297
3.166227106227106
2.4296703296703295
0.047545787545787546
0.8493772893772893
3.083223443223443
2.5247619047619048
0.34087912087912087
0.796996336996337
3.1452747252747253
2.468351648351648
0.2683516483516483
0.8413186813186813
3.113040293040293
2.473992673992674
0.18615384615384614
0.8679120879120878
3.174285714285714
2.4030769230769233
0.23772893772893772
0.8397069597069596
3.026007326007326
2.5505494505494504
0.22725274725274722
0.8614652014652014
3.021978021978022
2.4353113553113555
0.31267399267399265
0.8872527472527472
3.0082783882783883
2.5295970695970693
0.14989010989010987
0.8912820512820512
3.2597069597069597
2.4965567765567767
0.33926739926739924
0.8469597069597069
2.9615384615384617
2.51025641025641
0.15553113553113554
0.8364835164835164
3.2049084249084245
2.320879120879121
0.22241758241758242
0.8896703296703297
3.291941391941392
2.582783882783883
0.27076923076923076
0.929157509157509
3.171062271062271
2.383736263736264
0.2715750915750916
0.7325274725274725
3.1484981684981683
2.5134798534798533
0.2353113553113553
0.8703296703296703
3.3
2.536043956043956
0.23208791208791207
0.8405128205128204
3.0646886446886445
2.5295970695970693
0.21516483516483514
0.8115018315018315
3.2129670329670326
2.3966300366300364
0.18373626373626373
0.8671062271062271
3.0808058608058606
2.5215384615384613
0.1418315018315018
0.7744322344322344
3.2194139194139195
2.398241758241758
0.21274725274725273
0.9565567765567765
3.0646886446886445
2.4353113553113555
0.1805128205128205
0.701098901098901
3.179120879120879
2.339413919413919
0.23853479853479853
0.9646153846153845
3.0961172161172157
2.4635164835164836
0.19824175824175824
0.7035164835164834
3.2016849816849815
2.3136263736263736
0.2208058608058608
0.9356043956043956
2.988937728937729
2.478021978021978
0.2522344322344322
0.697069597069597
3.3
2.378095238095238
0.18695970695970693
0.954945054945055
3.057435897435897
2.5167032967032967
0.22
0.8380952380952381
3.1968498168498165
2.478021978021978
0.16036630036630034
0.9468864468864469
3.1412454212454213
2.4490109890109886
0.2578754578754579
0.8356776556776556
3.1227106227106227
2.4224175824175824
0.13377289377289375
1.029084249084249
3.0840293040293036
2.4183882783882784
0.2627106227106227
0.963003663003663
3.1767032967032964
2.4264468864468864
0.0693040293040293
0.9904029304029304
3.073553113553113
2.4167765567765565
0.3183150183150183
0.8622710622710623
3.2306959706959706
2.273333333333333
0.1394139194139194
0.7655677655677655
3.0598534798534796
2.4151648351648354
0.25465201465201465
0.8687179487179486
3.1162637362637358
2.4965567765567767
0.13054945054945055
0.925128205128205
3.037289377289377
2.403882783882784
0.2925274725274725
0.8671062271062271
3.1372161172161173
2.452234432234432
0.09831501831501831
0.9259340659340659
3.1219047619047617
2.573113553113553
0.2731868131868132
0.8654945054945055
3.1356043956043953
2.3966300366300364
0.15875457875457874
0.9775091575091575
3.15010989010989
2.3466666666666667
0.24981684981684982
0.892087912087912
3.1654212454212454
2.4635164835164836
0.0427106227106227
1.0323076923076924
3.087252747252747
2.387765567765568
0.28124542124542123
0.8002197802197801
3.208131868131868
2.3934065934065933
0.13538461538461538
0.9476923076923076
3.0799999999999996
2.3619780219780218
0.31025641025641026
0.8896703296703297
3.3
2.5578021978021974
0.1241025641025641
1.253113553113553
3.1613919413919414
2.3361904761904757
0.3038095238095238
0.8445421245421244
3.3
2.445787545787546
0.16117216117216118
1.1241758241758242
3.1356043956043953
2.39018315018315
0.30542124542124544
0.7889377289377288
3.2258608058608056
2.4071062271062273
0.0
1.0274725274725274
3.0606593406593405
2.303150183150183
0.25545787545787546
0.7647619047619048
3.2854945054945053
2.4369230769230765
0.16117216117216118
1.0427838827838827
3.0864468864468866
2.3104029304029305
0.29978021978021974
0.9396336996336996
3.1573626373626373
2.3805128205128203
0.10637362637362636
1.0202197802197803
2.9075457875457875
2.2717216117216115
0.14586080586080585
0.8832234432234431
3.3
2.5167032967032967
0.11120879120879121
1.0065201465201465
3.1186813186813187
2.2475457875457874
0.24336996336996336
0.8888644688644688
3.1049816849816847
2.374871794871795
0.13135531135531134
1.0226373626373626
3.1726739926739924
2.2781684981684984
0.3021978021978022
0.9219047619047619
3.154945054945055
2.445787545787546
0.014505494505494505
0.9823443223443223
3.2508424908424907
2.3676190476190477
0.23853479853479853
0.8856410256410256
3.0566300366300365
2.42
0.1241025641025641
1.0258608058608059
3.0799999999999996
2.265274725274725
0.20065934065934063
0.9775091575091575
3.1275457875457873
2.2676923076923075
0.051575091575091575
1.0258608058608059
3.2169963369963366
2.2999267399267396
0.09509157509157509
0.8888644688644688
3.1090109890109887
2.4312820512820514
0.09992673992673992
1.0443956043956044
3.2637362637362637
2.2717216117216115
0.21032967032967032
0.9412454212454212
3.1646153846153844
2.445787545787546
0.0709157509157509
0.9855677655677655
3.2016849816849815
2.3144322344322346
0.19501831501831499
0.9509157509157509
3.0356776556776555
2.437728937728938
0.006446886446886447
1.029084249084249
3.107399267399267
2.3216849816849816
0.2336996336996337
1.041978021978022
3.0663003663003665
2.281391941391941
0.010476190476190476
0.9904029304029304
3.187179487179487
2.3265201465201466
0.2796336996336996
1.1467399267399268
3.1533333333333333
2.3805128205128203
0.06043956043956044
0.9887912087912087
3.3
2.274945054945055
0.17326007326007326
1.0427838827838827
3.121098901098901
2.984102564102564
0.06205128205128205
0.9718681318681318
3.186373626373626
2.266886446886447
0.22
0.9750915750915751
3.037289377289377
2.4054945054945054
0.10315018315018315
0.7889377289377288
3.206520146520146
2.3224908424908426
0.1635897435897436
0.9283516483516483
3.20007326007326
2.4224175824175824
0.11926739926739927
1.1161172161172161
3.254065934065934
2.3144322344322346
0.2336996336996337
1.0145787545787546
3.077582417582417
2.4264468864468864
0.038681318681318674
1.0323076923076924
3.1009523809523807
2.249157509157509
0.2328937728937729
0.884029304029304
3.1098168498168497
2.4554578754578755
0.1797069597069597
1.0879120879120878
3.3
2.237875457875458
0.3199267399267399
0.9493040293040292
3.167838827838828
2.452234432234432
0.0693040293040293
0.6753113553113552
3.3
2.2104761904761903
0.2079120879120879
0.9557509157509156
3.2032967032967035
2.332967032967033
0.07413919413919413
0.9581684981684981
3.204102564102564
2.2862271062271065
0.11684981684981685
0.7986080586080585
3.183956043956044
2.39018315018315
0.0
1.1805860805860806
3.204102564102564
2.2233699633699633
0.21274725274725273
0.8848351648351648
3.0276190476190474
2.4127472527472524
0.10315018315018315
1.0854945054945053
3.2186080586080585
2.2564102564102564
0.25384615384615383
0.9775091575091575
3.179120879120879
2.56021978021978
0.08219780219780219
1.0822710622710623
3.206520146520146
2.2169230769230768
0.18615384615384614
0.8791941391941391
3.183150183150183
2.3708424908424908
0.04673992673992673
1.0492307692307692
3.1807326007326004
2.299120879120879
0.39084249084249084
0.9605860805860805
3.2194139194139195
2.3635897435897437
0.07252747252747253
0.9758974358974358
3.1444688644688643
2.12989010989011
0.16439560439560438
1.0363369963369964
2.803589743589743
2.316849816849817
0.0
1.1273992673992674
3.0888644688644686
2.2805860805860805
0.2175824175824176
0.9331868131868131
3.3
2.1685714285714286
0.08783882783882783
1.1273992673992674
3.1001465201465197
2.287032967032967
0.2208058608058608
1.0065201465201465
3.248424908424908
2.225787545787546
0.14666666666666667
1.3014652014652015
3.1613919413919414
2.3426373626373627
0.2514285714285714
1.0468131868131867
3.2387545787545786
2.253992673992674
0.1402197802197802
1.1765567765567766
3.0727472527472526
2.341025641025641
0.06688644688644688
0.9726739926739927
3.3
2.3087912087912086
0.24578754578754577
0.954945054945055
3.099340659340659
2.4135531135531134
0.09589743589743589
1.0306959706959706
3.256483516483516
2.2265934065934063
0.0
1.1104761904761904
3.0485714285714285
2.2314285714285713
0.09186813186813186
0.884029304029304
3.2298901098901096
2.224981684981685
0.2079120879120879
1.0443956043956044
3.054212454212454
2.3635897435897437
0.06446886446886448
1.079047619047619
3.3
2.5110622710622708
0.18615384615384614
1.0508424908424907
3.013113553113553
2.349084249084249
0.045128205128205125
1.0935531135531134
3.163809523809524
2.2008058608058607
0.15794871794871793
1.0194139194139193
2.9760439560439558
2.2926739926739925
0.03706959706959707
1.087106227106227
3.3
2.194358974358974
0.24498168498168496
0.8582417582417582
3.167838827838828
2.3297435897435896
0.11282051282051282
1.1257875457875457
3.3
2.2161172161172162
0.17648351648351646
1.0194139194139193
3.1436630036630033
2.2169230769230768
0.0684981684981685
1.087106227106227
3.2556776556776557
2.187912087912088
0.2627106227106227
1.0774358974358973
3.2903296703296703
2.386153846153846
0.05479853479853479
1.1402930402930402
3.2556776556776557
2.1717948717948716
0.2482051282051282
0.9299633699633699
3.1517216117216114
2.315238095238095
0.12249084249084248
1.1620512820512818
3.241978021978022
2.116996336996337
0.21435897435897436
1.0178021978021976
3.2669597069597067
2.339413919413919
0.012893772893772894
1.0822710622710623
3.1767032967032964
2.2443223443223443
0.22967032967032966
1.1016117216117214
3.2113553113553115
2.158095238095238
0.15714285714285714
1.1394871794871795
3.1227106227106227
2.191941391941392
0.28124542124542123
1.0153846153846153
3.1533333333333333
2.0734798534798533
0.17487179487179486
1.1846153846153846
3.1767032967032964
2.1234432234432234
0.18937728937728937
0.9944322344322344
3.3
2.3241025641025637
0.047545787545787546
0.9178754578754579
3.154945054945055
2.16051282051282
0.044322344322344324
1.0145787545787546
3.2887179487179488
2.2169230769230768
0.012087912087912088
1.1435164835164835
3.1807326007326004
2.2781684981684984
0.15633699633699633
0.9517216117216116
3.216190476190476
2.1927472527472527
0.055604395604395604
1.274065934065934
3.174285714285714
2.245128205128205
0.17164835164835165
1.0548717948717947
3.2903296703296703
2.3297435897435896
0.051575091575091575
1.2305494505494503
3.2194139194139195
2.128278388278388
0.11201465201465201
0.9557509157509156
3.3
2.1556776556776556
0.023369963369963366
0.9879853479853479
3.2903296703296703
2.2169230769230768
0.39487179487179486
1.0443956043956044
3.241978021978022
2.2193406593406593
0.08300366300366299
1.4715018315018313
3.1291575091575092
2.312820512820513
0.2063003663003663
1.0613186813186812
3.3
2.1548717948717946
0.09589743589743589
1.203150183150183
3.103369963369963
2.391794871794872
0.09428571428571428
1.1080586080586081
3.2613186813186807
1.9638827838827837
0.21032967032967032
1.1765567765567766
3.236336996336996
2.2265934065934063
0.17003663003663003
1.1080586080586081
3.296776556776557
2.2523809523809524
0.0
1.1846153846153846
3.071135531135531
2.2394871794871793
0.20146520146520147
0.9783150183150183
3.228278388278388
2.1556776556776556
0.09186813186813186
1.207985347985348
3.163003663003663
2.2975091575091575
0.022564102564102562
1.0492307692307692
3.3
2.2064468864468862
0.11120879120879121
1.1813919413919414
3.167032967032967
2.1750183150183147
0.0
1.1112820512820512
3.3
2.12989010989011
0.136996336996337
1.2047619047619047
3.158168498168498
1.7366300366300367
0.1281318681318681
1.2063736263736262
3.3
2.125054945054945
0.19824175824175824
1.1257875457875457
3.1654212454212454
2.3104029304029305
0.0
1.1096703296703296
3.3
2.1492307692307695
0.10073260073260074
1.1354578754578755
3.125128205128205
2.2394871794871793
0.020146520146520148
1.1435164835164835
3.3
2.0186813186813186
0.07494505494505493
1.0250549450549449
3.2186080586080585
2.266886446886447
0.0
1.1145054945054944
3.2452014652014647
2.166153846153846
0.14344322344322344
0.9396336996336996
3.150915750915751
2.3039560439560436
0.06366300366300366
1.1644688644688646
3.3
2.0734798534798533
0.2369230769230769
1.2764835164835164
3.2016849816849815
2.2684981684981684
0.0684981684981685
1.1394871794871795
3.2903296703296703
2.0734798534798533
0.14344322344322344
1.1064468864468864
3.121098901098901
2.2636630036630034
0.03062271062271062
1.1523809523809523
3.1807326007326004
2.096043956043956
0.1652014652014652
1.1338461538461537
3.258095238095238
2.270915750915751
0.1506959706959707
1.2627838827838826
3.2814652014652013
2.000952380952381
0.17406593406593404
1.1459340659340658
3.1613919413919414
2.249157509157509
0.0
1.1934798534798534
3.2838827838827838
2.004175824175824
0.19098901098901097
1.1620512820512818
3.179120879120879
2.2999267399267396
0.06769230769230769
1.2265201465201463
3.050989010989011
2.112967032967033
0.22805860805860806
1.2442490842490843
3.20007326007326
2.2684981684981684
0.044322344322344324
1.1902564102564102
3.2089377289377286
2.0944322344322344
0.0
1.1233699633699634
3.2153846153846155
2.133113553113553
0.0
1.2482783882783883
3.0888644688644686
2.088791208791209
0.19260073260073257
1.1177289377289377
3.3
2.274945054945055
0.03062271062271062
1.4336263736263737
3.1968498168498165
2.045274725274725
0.037875457875457874
1.0089377289377288
3.2452014652014647
2.194358974358974
0.0
1.2523076923076923
3.2315018315018316
2.1508424908424906
0.16197802197802197
1.062124542124542
3.3
2.1854945054945056
0.0
1.2676190476190474
3.2709890109890107
2.0670329670329672
0.13296703296703297
1.0137728937728936
3.2274725274725276
2.0589743589743588
0.05802197802197802
1.2917948717948717
3.3
2.083956043956044
0.10798534798534798
1.1225641025641024
3.2822710622710622
2.2306227106227103
0.020146520146520148
1.3522344322344322
3.2774358974358972
2.0347985347985347
0.16600732600732598
1.1233699633699634
3.2709890109890107
2.3224908424908426
0.03948717948717948
1.1838095238095239
3.1968498168498165
2.1105494505494504
0.17245421245421244
1.2386080586080586
3.3
2.1846886446886447
0.0
1.2764835164835164
3.1517216117216114
2.1492307692307695
0.16036630036630034
1.0814652014652013
3.183956043956044
2.1274725274725275
0.0
1.2676190476190474
3.1452747252747253
2.1105494505494504
0.1104029304029304
1.1032234432234431
3.3
2.0525274725274727
0.0
1.2966300366300365
3.3
2.1234432234432234
0.14908424908424908
1.1757509157509156
3.2387545787545786
2.1024908424908424
0.019340659340659337
1.1362637362637362
3.2194139194139195
2.1846886446886447
0.1652014652014652
1.1580219780219778
3.2452014652014647
2.0912087912087913
0.05318681318681318
1.2506959706959706
3.187179487179487
2.1315018315018315
0.14827838827838827
1.241025641025641
3.1968498168498165
2.0710622710622713
0.0
1.365128205128205
3.3
2.1355311355311355
0.11282051282051282
1.1120879120879121
3.2903296703296703
2.078315018315018
0.0
1.311135531135531
3.20007326007326
2.0573626373626372
0.17245421245421244
0.9912087912087912
3.3
2.1057142857142854
0.2627106227106227
1.4223443223443224
3.1347985347985348
2.1395604395604395
0.11120879120879121
1.2764835164835164
3.3
2.0420512820512817
0.05479853479853479
1.3014652014652015
3.232307692307692
2.092820512820513
0.05479853479853479
1.1580219780219778
3.3
2.0605860805860807
0.12249084249084248
1.2998534798534798
3.17992673992674
2.2265934065934063
0.07575091575091575
1.1564102564102565
3.3
2.0227106227106226
0.0
1.3046886446886445
3.2508424908424907
2.137948717948718
0.06285714285714285
1.124981684981685
3.3
2.007399267399267
0.0
1.3087179487179488
3.1452747252747253
2.0710622710622713
0.14102564102564102
1.1483516483516483
3.3
2.0597802197802197
0.15794871794871793
1.3369230769230769
3.204102564102564
2.1411721611721615
0.0
1.2418315018315016
3.3
1.988058608058608
0.07252747252747253
1.2877655677655677
3.1952380952380954
2.1750183150183147
0.028205128205128206
1.187032967032967
3.3
1.9163369963369963
0.12249084249084248
1.1684981684981686
3.187179487179487
2.1476190476190475
0.0
1.2579487179487179
3.2516483516483516
1.9775824175824175
0.249010989010989
1.2603663003663004
3.163003663003663
2.104102564102564
0.0
1.2394139194139193
3.3
1.9816117216117215
0.0
1.2917948717948717
3.0324542124542124
2.108131868131868
0.0
1.2571428571428571
3.3
2.0573626373626372
0.18534798534798536
1.2378021978021976
3.2613186813186807
2.116996336996337
0.0
1.332087912087912
3.3
1.9904761904761905
0.10959706959706958
1.3046886446886445
3.2532600732600727
2.1508424908424906
0.004835164835164834
1.2885714285714285
3.2371428571428567
1.996117216117216
0.15553113553113554
1.1241758241758242
3.21054945054945
2.0654212454212453
0.06285714285714285
1.2015384615384617
3.2726007326007323
1.9614652014652014
0.03223443223443224
1.1241758241758242
3.2194139194139195
1.88007326007326
0.004835164835164834
1.4118681318681316
3.2057142857142855
1.9888644688644688
0.11846153846153845
1.236996336996337
3.3
2.207252747252747
0.0
1.1547985347985348
3.2927472527472528
2.041245421245421
0.13054945054945055
1.220879120879121
3.2516483516483516
2.125860805860806
0.0
1.2829304029304027
3.3
1.9389010989010986
0.09106227106227106
1.282124542124542
3.2887179487179488
2.1411721611721615
0.19824175824175824
1.3562637362637362
3.3
1.8309157509157508
0.08139194139194138
1.266007326007326
3.2178021978021976
2.1508424908424906
0.0
1.1821978021978021
3.2258608058608056
1.9638827838827837
0.1394139194139194
1.3304761904761904
3.1936263736263735
2.1105494505494504
0.0
1.4013919413919413
3.2186080586080585
1.938095238095238
0.0967032967032967
1.2426373626373626
3.2548717948717947
2.1065201465201464
0.0
1.3369230769230769
3.254065934065934
1.8655677655677656
0.08300366300366299
1.199120879120879
3.2258608058608056
2.0678388278388278
0.0
1.34981684981685
3.2879120879120878
2.004175824175824
0.11362637362637361
0.8123076923076922
3.3
2.078315018315018
0.0
1.3425641025641024
3.3
2.00014652014652
0.11765567765567765
1.34981684981685
3.291941391941392
2.104908424908425
0.0
1.3473992673992672
3.083223443223443
1.9284249084249083
0.05641025641025641
1.1926739926739927
3.3
2.386153846153846
0.0
1.4578021978021978
3.3
1.90989010989011
0.0854212454212454
1.2643956043956044
3.3
2.0992673992673994
0.0
1.3304761904761904
3.2645421245421242
2.0678388278388278
0.08783882783882783
1.207985347985348
3.3
1.8284981684981685
0.038681318681318674
1.3006593406593405
3.3
2.004981684981685
0.12490842490842491
1.2853479853479854
3.1992673992673994
2.144395604395604
0.041098901098901096
1.3562637362637362
3.2983882783882783
2.0460805860805857
0.14424908424908423
1.2998534798534798
3.2838827838827838
2.0541391941391938
0.006446886446886447
1.448131868131868
3.192014652014652
1.9074725274725273
0.1394139194139194
1.3095238095238095
3.2452014652014647
2.487692307692307
0.0
1.3884981684981683
3.2194139194139195
1.9018315018315017
0.10798534798534798
1.3095238095238095
3.3
2.2394871794871793
0.0
1.5037362637362635
3.206520146520146
1.884102564102564
0.12893772893772895
1.39010989010989
3.3
2.000952380952381
0.0
1.4183150183150184
3.2508424908424907
1.9582417582417582
0.17406593406593404
1.191062271062271
3.111428571428571
1.9904761904761905
0.0
1.4046153846153846
3.295164835164835
1.9026373626373625
0.17648351648351646
1.2063736263736262
3.3
1.959047619047619
0.0
1.4465201465201465
3.2709890109890107
1.901025641025641
0.23208791208791207
1.4586080586080585
3.3
2.0436630036630037
0.0
1.5883516483516482
3.3
1.8768498168498169
0.16197802197802197
1.2853479853479854
3.3
1.988058608058608
0.0
1.4368498168498167
3.3
1.9703296703296704
0.25062271062271063
1.3199999999999998
3.3
2.0202930402930406
0.0
1.2611721611721611
3.2516483516483516
2.0444688644688647
0.14747252747252745
1.2426373626373626
3.3
2.019487179487179
0.02095238095238095
1.510989010989011
3.248424908424908
1.8486446886446886
0.1232967032967033
1.0613186813186812
3.266153846153846
1.9469597069597069
0.022564102564102562
1.4287912087912087
3.3
1.8430036630036628
0.4182417582417582
1.3893040293040293
3.3
2.0380219780219777
0.012893772893772894
1.5061538461538462
3.3
1.8832967032967032
0.22644688644688643
1.319194139194139
3.3
1.925201465201465
0.0
1.3836630036630035
3.3
1.5545054945054944
0.08461538461538462
1.345787545787546
3.3
2.0460805860805857
0.00402930402930403
1.4674725274725273
3.3
1.7454945054945052
0.17809523809523808
1.5279120879120878
3.3
1.9896703296703295
0.037875457875457874
1.423956043956044
3.3
1.8655677655677656
0.06205128205128205
1.1934798534798534
3.256483516483516
1.9896703296703295
0.06769230769230769
1.4594139194139193
3.2387545787545786
1.7873992673992674
0.10315018315018315
1.2071794871794872
3.183956043956044
2.121025641025641
0.0
1.3836630036630035
3.2943589743589743
1.8180219780219777
0.05963369963369963
1.3208058608058608
3.1162637362637358
1.9896703296703295
0.0
1.3562637362637362
3.295164835164835
1.8695970695970696
0.1232967032967033
1.3756043956043955
3.21054945054945
2.017069597069597
0.014505494505494505
1.4787545787545788
3.3
1.888937728937729
0.06043956043956044
1.4247619047619047
3.2774358974358972
1.959047619047619
0.30542124542124544
1.382051282051282
3.3
1.7753113553113553
0.07978021978021978
1.3925274725274723
3.1452747252747253
2.000952380952381
0.0
1.3756043956043955
3.2032967032967035
1.846227106227106
0.06043956043956044
1.477142857142857
3.2129670329670326
2.007399267399267
0.041098901098901096
1.4328205128205127
3.283076923076923
1.834139194139194
0.21274725274725273
1.4852014652014651
