3.0356776556776555
0.19018315018315018
3.1412454212454213
0.029816849816849816
3.183956043956044
0.22644688644688643
3.054212454212454
0.2079120879120879
3.146886446886447
0.1418315018315018
2.987326007326007
0.40937728937728934
3.0002197802197803
0.2691575091575092
3.0123076923076924
0.3110622710622711
3.0348717948717945
0.32395604395604394
2.993772893772894
0.17164835164835165
3.0936996336996336
0.19824175824175824
3.0195604395604394
0.32476190476190475
3.073553113553113
0.14505494505494507
3.20007326007326
0.2635164835164835
3.0638827838827836
0.44
3.057435897435897
0.15633699633699633
3.138827838827839
0.22
3.3
0.32234432234432236
3.058241758241758
0.21355311355311354
3.3
0.1845421245421245
2.9961904761904763
0.2635164835164835
3.099340659340659
0.17406593406593404
3.063076923076923
0.3078388278388278
2.835018315018315
0.298974358974359
3.1162637362637358
0.249010989010989
3.0743589743589745
0.2868864468864469
3.005860805860806
0.01531135531135531
3.1356043956043953
0.34410256410256407
2.958315018315018
0.32476190476190475
2.4554578754578755
0.21274725274725273
3.026007326007326
0.17245421245421244
3.0316483516483514
0.33201465201465197
3.0026373626373624
0.22402930402930402
3.1162637362637358
0.2562637362637362
2.958315018315018
0.28124542124542123
3.1098168498168497
0.17567765567765567
3.0985347985347986
0.22483516483516483
3.009084249084249
0.3537728937728937
3.0324542124542124
0.2232234432234432
2.9728205128205127
0.3207326007326007
2.984102564102564
0.29736263736263735
3.058241758241758
0.2909157509157509
3.042124542124542
0.37150183150183147
2.5739194139194135
0.31670329670329667
2.9744322344322343
0.21919413919413916
3.038901098901099
0.3183150183150183
2.983296703296703
0.2772161172161172
3.0324542124542124
0.24175824175824176
2.718168498168498
0.38117216117216113
2.864835164835165
0.20307692307692304
2.937362637362637
0.39728937728937724
2.9663736263736262
0.369084249084249
2.9615384615384617
0.20307692307692304
3.1259340659340658
0.29010989010989013
3.2194139194139195
0.2675457875457875
3.0445421245421245
0.1805128205128205
3.0808058608058606
0.30058608058608055
2.9228571428571426
0.31025641025641026
3.1009523809523807
0.22241758241758242
3.266153846153846
0.3489377289377289
2.9027106227106225
0.2635164835164835
3.042124542124542
0.29655677655677654
3.0308424908424905
0.5262271062271062
2.6923809523809523
0.3376556776556776
3.1259340659340658
0.19743589743589743
3.045347985347985
0.4536996336996337
2.9776556776556777
0.3134798534798534
3.026007326007326
0.1684249084249084
2.9671794871794868
0.41018315018315016
2.9599267399267397
0.31025641025641026
3.029230769230769
0.3263736263736264
2.933333333333333
0.4964102564102564
2.922051282051282
0.3231501831501831
3.1291575091575092
0.2788278388278388
2.8672527472527474
0.5213919413919413
2.9744322344322343
0.2747985347985348
3.05018315018315
0.30461538461538457
2.8986813186813185
0.3658608058608058
2.9768498168498168
0.2691575091575092
2.7826373626373626
0.35216117216117215
2.892234432234432
0.5101098901098902
2.98974358974359
0.19179487179487179
2.851135531135531
0.5157509157509158
2.988937728937729
0.3505494505494505
3.0808058608058606
0.3038095238095238
2.958315018315018
0.4746520146520146
2.8954578754578755
0.26593406593406593
2.9679853479853477
0.28608058608058606
3.2435897435897436
0.43274725274725273
3.005860805860806
0.3658608058608058
3.077582417582417
0.4061538461538461
2.901098901098901
0.21919413919413916
2.854358974358974
0.3215384615384615
3.2258608058608056
0.31186813186813184
2.892234432234432
0.37391941391941386
3.03003663003663
0.2562637362637362
3.038901098901099
0.3013919413919414
2.8197069597069593
0.4351648351648352
3.013919413919414
0.2796336996336996
2.8108424908424907
0.41340659340659336
2.913186813186813
0.37150183150183147
2.993772893772894
0.2345054945054945
2.9961904761904763
0.37553113553113554
2.9357509157509156
0.3368498168498168
3.013113553113553
0.12893772893772895
2.991355311355311
0.5109157509157509
2.9115750915750915
0.4166300366300366
2.8906227106227105
0.365054945054945
2.8938461538461535
0.4319413919413919
2.933333333333333
0.3344322344322344
3.0485714285714285
0.44
2.868058608058608
0.24256410256410255
2.9188278388278386
0.0967032967032967
3.0324542124542124
0.34410256410256407
2.896263736263736
0.4158241758241758
2.988937728937729
0.29010989010989013
3.005054945054945
0.39567765567765567
2.858388278388278
0.552014652014652
3.037289377289377
0.2691575091575092
2.9035164835164835
0.48432234432234433
2.880952380952381
0.28205128205128205
2.9679853479853477
0.2530402930402931
2.9760439560439558
0.4512820512820513
2.839047619047619
0.3779487179487179
2.5376556776556773
0.4182417582417582
2.8164835164835167
0.3731135531135531
2.884175824175824
0.19824175824175824
2.932527472527472
0.3078388278388278
2.755238095238095
0.4819047619047619
2.8833699633699634
0.3618315018315018
3.0936996336996336
0.6164835164835165
2.830989010989011
0.33926739926739924
2.9639560439560437
0.24014652014652013
2.7939194139194137
0.4061538461538461
2.8954578754578755
0.4303296703296703
3.0864468864468866
0.25868131868131866
2.9647619047619047
0.4835164835164835
2.8358241758241753
0.4230769230769231
2.8100366300366297
0.3175091575091575
2.703663003663004
0.6366300366300366
2.839047619047619
0.3868131868131868
2.984102564102564
0.2804395604395604
2.803589743589743
0.5326739926739926
2.8326007326007328
0.38036630036630037
2.98974358974359
0.3263736263736264
2.932527472527472
0.5165567765567765
2.844688644688645
0.356996336996337
3.142051282051282
0.3465201465201465
2.805201465201465
0.5004395604395604
3.2234432234432235
0.3183150183150183
2.842271062271062
0.5286446886446886
2.7778021978021976
0.473040293040293
2.85032967032967
0.24336996336996336
2.924468864468864
0.5165567765567765
2.479633699633699
0.4633699633699634
3.0155311355311354
0.48432234432234433
2.912380952380952
0.6334065934065933
2.6964102564102563
0.4279120879120879
3.001831501831502
0.39164835164835166
2.8245421245421247
0.4271062271062271
2.813260073260073
0.4472527472527473
2.9389743589743587
0.2788278388278388
2.767326007326007
0.7204395604395604
2.999413919413919
0.36989010989010984
2.926080586080586
0.39084249084249084
2.855970695970696
0.4810989010989011
2.854358974358974
0.40695970695970696
2.9454212454212456
0.5125274725274724
2.6714285714285713
0.5036630036630036
2.749597069597069
0.4279120879120879
2.942197802197802
0.3255677655677655
2.796336996336996
0.5302564102564102
2.9035164835164835
0.31186813186813184
2.6375824175824176
0.5205860805860805
2.752014652014652
0.46498168498168496
3.0002197802197803
0.36666666666666664
2.866446886446886
0.618095238095238
2.9550915750915747
0.41018315018315016
3.003443223443223
0.41743589743589743
2.9865201465201463
0.5133333333333333
2.73992673992674
0.5874725274725274
2.929304029304029
0.5834432234432234
2.731868131868132
0.34410256410256407
2.6802930402930403
0.40857142857142853
2.9470329670329667
0.4472527472527473
2.787472527472527
0.4706227106227106
2.8906227106227105
0.3964835164835165
2.851941391941392
0.4303296703296703
2.768131868131868
0.5254212454212454
2.851941391941392
0.41743589743589743
2.8994871794871795
0.5028571428571428
2.7649084249084246
0.47223443223443223
2.8253479853479853
0.3481318681318681
2.86
0.5729670329670329
2.7898901098901097
0.39567765567765567
2.73992673992674
0.42146520146520144
2.8164835164835167
0.5173626373626373
2.813260073260073
0.41743589743589743
3.0308424908424905
0.4424175824175824
2.776190476190476
0.6043956043956044
2.880952380952381
0.5028571428571428
2.893040293040293
0.5004395604395604
2.6520879120879117
0.552014652014652
2.858388278388278
0.4464468864468864
2.830989010989011
0.4835164835164835
2.7286446886446885
0.5133333333333333
2.7987545787545787
0.4126007326007326
2.838241758241758
0.5761904761904761
2.743956043956044
0.5649084249084249
2.796336996336996
0.3771428571428571
2.843882783882784
0.6382417582417582
2.734285714285714
0.3465201465201465
2.809230769230769
0.3424908424908425
2.8189010989010987
0.5778021978021978
2.535238095238095
0.5487912087912087
2.942197802197802
0.4778754578754578
2.7939194139194137
0.6833699633699633
2.9317216117216116
0.40857142857142853
2.909157509157509
0.47223443223443223
2.626300366300366
0.5697435897435897
2.793113553113553
0.46498168498168496
2.9019047619047615
0.1797069597069597
2.566666666666667
0.5157509157509158
2.745567765567765
0.473040293040293
2.858388278388278
0.6027838827838828
2.743956043956044
0.6906227106227106
2.7866666666666666
0.39164835164835166
2.768131868131868
0.5890842490842491
2.6698168498168497
0.5874725274725274
2.7866666666666666
0.4819047619047619
2.8326007326007328
0.5939194139194139
2.7205860805860804
0.5173626373626373
2.85032967032967
0.39406593406593404
2.7979487179487177
0.6229304029304028
2.7463736263736265
0.6116483516483516
2.739120879120879
0.44805860805860803
2.7729670329670326
0.7438095238095237
2.729450549450549
0.3416849816849816
2.8245421245421247
0.5084981684981684
2.7810256410256406
0.6293772893772893
2.7326739926739925
0.48754578754578753
2.843882783882784
0.4536996336996337
2.6488644688644687
0.7704029304029303
2.7939194139194137
0.4859340659340659
2.7745787545787546
0.5705494505494506
2.6416117216117216
0.8848351648351648
2.783443223443223
0.4432234432234432
2.7858608058608056
0.6962637362637362
2.6545054945054942
0.606007326007326
3.0187545787545784
0.2876923076923077
2.6988278388278384
0.5342857142857143
2.6883516483516483
0.684981684981685
2.752014652014652
0.5205860805860805
2.6746520146520143
0.647106227106227
2.856776556776557
0.6253479853479853
2.739120879120879
0.5528205128205127
2.7125274725274724
0.6382417582417582
2.6802930402930403
0.4520879120879121
2.9099633699633696
0.5455677655677655
2.3724542124542123
0.6640293040293039
2.9099633699633696
0.4964102564102564
2.8148717948717947
0.5616849816849817
2.478021978021978
0.6632234432234432
2.8003663003663
0.5117216117216117
2.864835164835165
0.6213186813186813
2.896263736263736
0.7027106227106227
2.761684981684981
0.547985347985348
2.784249084249084
0.6624175824175824
2.445787545787546
0.6761172161172161
2.7447619047619045
0.4835164835164835
2.6923809523809523
0.6358241758241758
2.6496703296703297
0.6043956043956044
2.7906959706959706
0.5060805860805861
2.6843223443223443
0.6865934065934066
2.726227106227106
0.5600732600732601
2.8003663003663
0.5415384615384615
2.6875457875457878
0.5882783882783883
2.6633699633699632
0.5552380952380952
2.8326007326007328
0.5858608058608058
2.5779487179487175
0.6882051282051281
2.751208791208791
0.693040293040293
2.7898901098901097
0.6293772893772893
2.4997802197802192
0.8646886446886446
2.6947985347985344
0.5487912087912087
2.745567765567765
0.7446153846153846
2.572307692307692
0.5254212454212454
2.78021978021978
0.37553113553113554
2.6295238095238096
0.6793406593406592
2.622271062271062
0.6317948717948717
2.7729670329670326
0.5745787545787546
2.6714285714285713
0.614065934065934
2.6585347985347982
0.5084981684981684
2.6996336996337
0.6656410256410256
2.685934065934066
0.738168498168498
2.763296703296703
0.5431501831501832
2.792307692307692
0.6197069597069597
2.6198534798534796
0.718021978021978
2.6585347985347982
0.6116483516483516
2.597289377289377
0.6487179487179487
2.6134065934065935
0.6454945054945054
2.6996336996337
0.6003663003663003
2.711721611721612
0.7631501831501831
2.715750915750916
0.6189010989010988
2.7463736263736265
0.5866666666666667
2.7028571428571424
0.7091575091575092
2.568278388278388
0.676923076923077
2.7487912087912085
0.4569230769230769
2.6545054945054942
0.7325274725274725
2.6295238095238096
0.6374358974358973
2.689157509157509
0.643076923076923
2.5715018315018314
0.8872527472527472
2.615018315018315
0.7172161172161172
2.745567765567765
0.6358241758241758
2.5916483516483515
0.7317216117216117
2.5860073260073255
0.601978021978022
2.643223443223443
0.6132600732600731
2.573113553113553
0.796996336996337
2.5376556776556773
0.5221978021978022
2.60051282051282
0.6777289377289376
2.6988278388278384
0.672893772893773
2.586813186813187
0.5101098901098902
2.695604395604396
0.7486446886446886
2.7205860805860804
0.7824908424908424
2.4312820512820514
0.6189010989010988
2.6827106227106223
0.6914285714285714
2.6706227106227103
0.875970695970696
2.6174358974358976
0.5415384615384615
2.444175824175824
0.7075457875457875
2.497362637362637
0.647106227106227
2.615018315018315
0.6398534798534798
2.6577289377289377
0.7687912087912088
2.5295970695970693
0.7889377289377288
2.608571428571428
0.6785347985347985
2.632747252747252
0.7075457875457875
2.41032967032967
0.9412454212454212
2.6561172161172157
0.6221245421245422
2.693992673992674
0.8139194139194139
2.523150183150183
0.718021978021978
2.6633699633699632
0.651135531135531
2.6077655677655676
0.6156776556776556
2.4884981684981686
0.738168498168498
2.6545054945054942
0.6527472527472528
2.608571428571428
0.954945054945055
2.5005860805860807
0.7575091575091575
2.6254945054945056
0.5866666666666667
2.592454212454212
0.9267399267399268
2.5158974358974358
0.6857875457875457
2.713333333333333
0.7510622710622711
2.532820512820513
0.8276190476190476
2.432087912087912
0.7937728937728937
2.623076923076923
0.6116483516483516
2.576336996336996
0.801025641025641
2.54007326007326
0.6954578754578754
2.6698168498168497
0.6914285714285714
2.6843223443223443
0.8252014652014652
2.605347985347985
0.6293772893772893
2.6456410256410257
0.7115750915750915
2.5956776556776555
0.8106959706959707
2.4087179487179484
0.7196336996336995
2.593260073260073
0.7172161172161172
2.5126739926739927
0.8517948717948718
2.532014652014652
0.7244688644688644
2.703663003663004
0.73010989010989
2.3732600732600733
0.8227838827838827
2.6520879120879117
0.6817582417582417
2.573113553113553
0.7172161172161172
2.4989743589743587
0.8945054945054945
2.581172161172161
0.5463736263736264
2.6408058608058607
0.7800732600732599
2.527179487179487
0.8566300366300366
2.6416117216117216
0.689010989010989
2.6134065934065935
0.8614652014652014
2.3652014652014652
0.8856410256410256
2.6158241758241756
0.676923076923077
2.61018315018315
0.8372893772893772
2.4264468864468864
0.8445421245421244
2.628717948717948
0.6189010989010988
2.5876190476190475
0.9283516483516483
2.693186813186813
0.7905494505494505
2.6528937728937727
0.6793406593406592
2.609377289377289
0.8687179487179486
2.4610989010989006
0.6841758241758241
2.635164835164835
0.7019047619047618
2.468351648351648
0.8679120879120878
2.486080586080586
0.7784615384615384
2.61018315018315
0.2651282051282051
2.51025641025641
0.8936996336996337
2.4828571428571427
0.888058608058608
2.6416117216117216
0.7526739926739926
2.3676190476190477
0.8493772893772893
2.5223443223443223
0.9001465201465201
2.594065934065934
0.7849084249084248
2.4909157509157507
0.801025641025641
2.544908424908425
0.7776556776556777
2.6682051282051282
0.8163369963369963
2.265274725274725
0.884029304029304
2.5030036630036627
0.7704029304029303
2.5094505494505492
0.7631501831501831
2.3015384615384615
0.8654945054945055
2.5674725274725274
0.7067399267399267
2.655311355311355
0.8034432234432234
2.4345054945054945
0.8654945054945055
2.5416849816849814
0.7526739926739926
2.4909157509157507
0.8598534798534798
2.4014652014652014
0.9243223443223443
2.502197802197802
0.7736263736263737
2.54007326007326
0.7276923076923076
2.4328937728937725
0.9017582417582417
2.606959706959707
0.7720146520146519
2.5134798534798533
0.9041758241758242
2.42
0.7776556776556777
2.5263736263736263
0.7663736263736263
2.473186813186813
0.8775824175824175
2.4675457875457876
0.8437362637362638
2.5247619047619048
0.6938461538461538
2.5586080586080584
1.1693040293040293
2.4151648351648354
0.5971428571428571
2.5167032967032967
0.801025641025641
2.2483516483516484
0.9855677655677655
2.3466666666666667
0.8485714285714285
2.5295970695970693
0.9573626373626373
2.3708424908424908
0.7921611721611721
2.4473992673992675
0.7309157509157509
2.5247619047619048
0.8308424908424907
2.4151648351648354
1.0097435897435896
2.4224175824175824
0.8316483516483516
2.5070329670329667
0.9557509157509156
2.320879120879121
0.9009523809523808
2.4925274725274726
0.7961904761904761
2.3990476190476193
0.9049816849816849
2.339413919413919
0.8856410256410256
2.473992673992674
0.8888644688644688
2.489304029304029
0.7623443223443223
2.585201465201465
0.9243223443223443
2.391794871794872
0.7800732600732599
2.4449816849816846
0.8671062271062271
2.3660073260073258
0.942051282051282
2.4635164835164836
0.813113553113553
2.608571428571428
0.967032967032967
2.4312820512820514
0.9557509157509156
2.39985347985348
0.8211721611721611
2.4312820512820514
0.9686446886446887
2.4167765567765565
0.7639560439560439
2.5537728937728934
0.8534065934065934
2.465128205128205
0.9742857142857142
2.3764835164835163
0.9315750915750916
2.4095238095238094
0.8002197802197801
2.299120879120879
1.0677655677655677
2.4167765567765565
0.8332600732600732
2.3668131868131868
0.8300366300366301
2.3668131868131868
0.9009523809523808
2.386153846153846
0.8896703296703297
2.544102564102564
1.0129670329670328
2.266886446886447
0.9992673992673993
2.270915750915751
0.7430036630036629
2.5134798534798533
0.8711355311355311
2.3120146520146516
1.0178021978021976
2.194358974358974
0.971062271062271
2.577142857142857
0.9356043956043956
2.3603663003663002
1.0484249084249084
2.444175824175824
0.892087912087912
2.4224175824175824
1.0016849816849815
2.3764835164835163
0.9895970695970695
2.5295970695970693
0.8671062271062271
2.4111355311355314
0.9412454212454212
2.4989743589743587
0.9396336996336996
2.461904761904762
0.888058608058608
2.2934798534798535
1.0726007326007327
2.2346520146520144
1.0452014652014652
2.4224175824175824
0.9106227106227106
2.3652014652014652
0.9686446886446887
2.312820512820513
0.8324542124542124
2.4715750915750916
0.9436630036630036
2.281391941391941
1.0049084249084248
2.3378021978021977
0.8977289377289377
2.635164835164835
0.9694505494505493
2.3184615384615386
1.1338461538461537
2.2346520146520144
0.9178754578754579
2.4393406593406595
0.9356043956043956
2.096043956043956
1.078241758241758
2.2306227106227103
0.8074725274725274
2.4328937728937725
0.9299633699633699
2.343443223443223
1.0065201465201465
2.3764835164835163
0.913040293040293
2.394212454212454
0.9742857142857142
2.1871062271062267
0.9146520146520146
2.4353113553113555
1.0476190476190477
2.3909890109890113
1.0323076923076924
2.258827838827839
1.041172161172161
2.3845421245421243
0.8397069597069596
2.2797802197802195
1.0105494505494506
2.2644688644688644
1.0532600732600732
2.4473992673992675
0.9138461538461538
2.291062271062271
1.0508424908424907
2.291062271062271
1.062124542124542
2.3458608058608057
0.913040293040293
2.3136263736263736
1.0887179487179488
2.4071062271062273
1.0315018315018316
2.4167765567765565
0.9283516483516483
2.2362637362637363
1.0637362637362637
2.2717216117216115
0.9533333333333333
2.3934065934065933
0.7494505494505495
2.266886446886447
1.0919413919413918
2.238681318681319
0.9791208791208791
2.4909157509157507
0.9082051282051282
2.246739926739927
1.0435897435897437
2.2838095238095235
0.8888644688644688
2.3361904761904757
1.046007326007326
2.4087179487179484
1.0838827838827838
2.331355311355311
0.8534065934065934
2.2975091575091575
0.9565567765567765
2.2362637362637363
1.1564102564102565
2.254798534798535
0.9654212454212453
2.3281318681318677
1.0073260073260073
2.2064468864468862
1.0854945054945053
2.3458608058608057
1.0178021978021976
2.339413919413919
1.066959706959707
2.266886446886447
1.1483516483516483
2.448205128205128
0.9541391941391941
2.2217582417582418
1.0403663003663004
2.1790476190476187
1.1588278388278388
2.3305494505494506
0.9758974358974358
2.2757509157509155
1.0178021978021976
2.1967765567765567
1.074212454212454
2.387765567765568
0.946080586080586
2.1669597069597066
1.1282051282051282
2.2
1.0685714285714285
2.2781684981684984
0.8953113553113552
2.324908424908425
1.1145054945054944
2.194358974358974
1.0846886446886448
2.3120146520146516
0.9968498168498168
2.242710622710623
1.2184615384615383
2.482051282051282
0.9984615384615384
2.1806593406593406
0.9912087912087912
2.2064468864468862
1.104029304029304
2.2104761904761903
1.0226373626373626
2.315238095238095
0.9799267399267398
2.2306227106227103
0.9412454212454212
2.1637362637362636
0.9968498168498168
2.353113553113553
0.8783882783882784
2.273333333333333
1.1330402930402932
2.269304029304029
1.0186080586080586
2.262051282051282
1.1161172161172161
2.1838827838827837
1.1177289377289377
2.2999267399267396
0.9662271062271062
2.2104761904761903
1.1314285714285715
2.1750183150183147
1.0524542124542124
2.1967765567765567
1.054065934065934
2.195970695970696
1.1604395604395605
2.1806593406593406
1.2353846153846153
2.319267399267399
1.0693772893772893
2.22981684981685
1.207985347985348
2.116996336996337
1.0097435897435896
2.3265201465201466
1.0266666666666666
2.281391941391941
1.1967032967032967
2.1935531135531137
1.0887179487179488
2.273333333333333
1.1580219780219778
2.186300366300366
1.1273992673992674
2.154065934065934
1.0266666666666666
2.5070329670329667
1.1330402930402932
2.0831501831501833
1.1
2.1750183150183147
1.1410989010989012
2.0936263736263734
0.9597802197802198
2.1798534798534797
1.174139194139194
2.2201465201465203
1.0049084249084248
2.3200732600732596
1.1330402930402932
2.112967032967033
1.1821978021978021
2.245128205128205
0.9992673992673993
2.323296703296703
1.2007326007326007
2.084761904761905
1.1983150183150182
2.2394871794871793
1.0516483516483517
2.2024175824175822
1.2579487179487179
2.133113553113553
1.099194139194139
2.269304029304029
1.091135531135531
2.486080586080586
1.1967032967032967
2.084761904761905
1.1531868131868133
2.2523809523809524
0.8671062271062271
2.1685714285714286
1.278095238095238
1.9969230769230768
1.1104761904761904
2.341025641025641
1.0403663003663004
2.0952380952380953
1.394139194139194
2.12021978021978
0.6632234432234432
2.2241758241758243
1.1475457875457875
1.9638827838827837
1.2595604395604394
2.1226373626373625
1.2152380952380952
2.4304761904761905
1.0008791208791208
2.1016849816849814
1.1805860805860806
2.137948717948718
1.1427106227106225
2.0259340659340657
1.1265934065934065
1.999340659340659
1.2571428571428571
2.1347252747252745
1.1660805860805858
2.2032234432234428
1.1926739926739927
1.984029304029304
1.2506959706959706
1.9147252747252745
1.1064468864468864
2.136336996336996
1.1821978021978021
2.0202930402930406
1.340952380952381
2.238681318681319
1.2482783882783883
2.1814652014652016
1.1628571428571428
2.3716483516483517
1.253113553113553
2.0057875457875456
1.1273992673992674
2.283003663003663
1.1588278388278388
2.0517216117216117
1.1491575091575092
2.1427838827838825
1.1564102564102565
2.121831501831502
1.2893772893772895
2.0678388278388278
0.8928937728937728
2.2354578754578753
1.2853479853479854
2.137948717948718
1.2047619047619047
2.104908424908425
1.1483516483516483
2.116190476190476
1.1370695970695972
2.113772893772894
1.5553113553113553
2.0670329670329672
1.1515750915750915
2.1709890109890106
1.1306227106227105
1.9936996336996335
1.216043956043956
2.129084249084249
1.2095970695970697
2.148424908424908
1.1733333333333333
2.0734798534798533
1.423956043956044
2.0976556776556774
1.0605128205128205
2.078315018315018
1.22007326007326
2.0307692307692307
1.298241758241758
2.0613919413919413
1.1435164835164835
2.096043956043956
1.1604395604395605
2.021098901098901
1.2466666666666666
2.187912087912088
1.1588278388278388
2.0734798534798533
1.2595604395604394
2.078315018315018
1.365128205128205
2.1387545787545785
1.091135531135531
2.104102564102564
1.323223443223443
2.0202930402930406
1.349010989010989
2.1387545787545785
1.1757509157509156
2.1016849816849814
1.2482783882783883
2.0678388278388278
1.1725274725274726
2.136336996336996
1.1717216117216116
2.1105494505494504
1.3296703296703296
1.9783882783882785
1.1942857142857142
2.133113553113553
1.1338461538461537
1.9082783882783882
1.212014652014652
2.0525274725274727
1.0403663003663004
2.237069597069597
1.1789743589743589
2.031575091575091
1.3175824175824176
1.8704029304029302
0.9944322344322344
2.133113553113553
1.2257142857142858
1.9268131868131866
1.3095238095238095
2.1403663003663
1.1773626373626374
1.917142857142857
1.2635897435897434
1.917142857142857
1.349010989010989
1.9848351648351648
1.1781684981684981
2.1105494505494504
1.2224908424908423
1.896996336996337
1.1354578754578755
2.2604395604395604
1.2015384615384617
2.152454212454212
1.315164835164835
1.8824908424908424
1.7060073260073259
2.108131868131868
1.2893772893772895
2.0323809523809526
1.3804395604395603
1.9147252747252745
1.3328937728937729
2.10007326007326
1.3280586080586079
1.9969230769230768
1.315164835164835
1.9566300366300367
1.1507692307692308
2.0694505494505493
1.1644688644688646
2.133113553113553
1.3836630036630035
1.8526739926739926
1.2152380952380952
2.2136996336996337
1.266007326007326
1.9775824175824175
1.4247619047619047
1.950989010989011
0.8679120879120878
2.112161172161172
1.2418315018315016
1.8913553113553112
1.3393406593406592
1.9614652014652014
1.456996336996337
2.0654212454212453
1.361098901098901
1.9904761904761905
1.6608791208791207
1.90989010989011
1.2474725274725273
1.9743589743589745
1.1652747252747253
1.8317216117216117
1.6641025641025642
2.011428571428571
1.306300366300366
1.996117216117216
1.340952380952381
1.8695970695970696
1.3643223443223442
2.137948717948718
1.2789010989010987
1.8446153846153845
1.3973626373626373
1.90989010989011
1.502930402930403
2.0396336996336997
1.2958241758241758
2.0517216117216117
1.398168498168498
1.8405860805860805
1.4634432234432233
1.9687179487179487
1.091135531135531
1.9574358974358974
1.452161172161172
1.888937728937729
1.4215384615384614
2.0734798534798533
1.3312820512820511
1.8776556776556776
1.4142857142857144
1.975164835164835
1.2724542124542124
2.0202930402930406
1.439267399267399
1.9719413919413917
1.5383882783882783
2.041245421245421
1.3723809523809523
2.125860805860806
1.2668131868131867
1.9026373626373625
1.6761904761904762
1.896996336996337
1.3465934065934064
2.000952380952381
1.4473260073260072
2.220952380952381
1.4175091575091574
1.9187545787545786
1.303076923076923
2.12989010989011
1.3925274725274723
1.8365567765567765
1.4932600732600732
1.9356776556776556
1.3336996336996336
1.9816117216117215
1.3884981684981683
1.7922344322344321
1.5166300366300365
1.8550915750915749
1.3127472527472528
1.9526007326007324
1.443296703296703
1.8728205128205129
1.443296703296703
1.9816117216117215
1.3361172161172161
1.842197802197802
1.4167032967032966
1.8712087912087911
1.261978021978022
1.975164835164835
1.3046886446886445
1.992087912087912
1.4634432234432233
1.8430036630036628
1.3949450549450548
2.0654212454212453
1.5142124542124542
2.116190476190476
1.6076923076923078
1.8293040293040292
1.5061538461538462
1.9574358974358974
1.2789010989010987
2.1854945054945056
1.4852014652014651
1.8397802197802198
1.3949450549450548
2.0509157509157507
1.1104761904761904
1.8824908424908424
1.5577289377289376
1.9558241758241757
1.4884249084249084
1.9558241758241757
1.3989743589743588
1.7986813186813186
1.4578021978021978
1.8196336996336995
1.3119413919413918
1.9493772893772894
1.3635164835164835
1.8526739926739926
1.49003663003663
1.9364835164835164
1.3554578754578752
1.9332600732600733
1.4465201465201465
1.8236630036630035
1.5835164835164834
1.9034432234432233
1.1684981684981686
1.8994139194139192
1.531135531135531
1.5947985347985347
1.4747252747252748
1.9106959706959705
1.3884981684981683
1.8244688644688645
1.3522344322344322
1.8027106227106227
1.3804395604395603
2.0678388278388278
1.3602930402930402
1.846227106227106
1.510989010989011
1.7454945054945052
1.6294505494505493
1.9074725274725273
1.3522344322344322
1.8228571428571427
1.2837362637362637
1.6697435897435897
1.49003663003663
1.8446153846153845
1.3917216117216116
1.9115018315018313
1.5303296703296703
1.8550915750915749
1.5303296703296703
1.9106959706959705
1.46021978021978
1.996117216117216
1.3973626373626373
1.6463736263736264
1.4594139194139193
1.925201465201465
1.4247619047619047
1.7567765567765568
1.6608791208791207
1.8043223443223442
1.311135531135531
1.9767765567765567
1.3844688644688643
1.6834432234432235
1.5287179487179485
1.7060073260073259
1.481172161172161
1.8913553113553112
1.5464468864468863
1.7406593406593407
1.5512820512820513
1.7833699633699633
1.3425641025641024
1.838168498168498
1.472307692307692
1.7076190476190476
1.5778754578754577
1.934065934065934
1.6423443223443221
1.8865201465201464
1.7237362637362637
1.6963369963369963
1.5786813186813187
2.1645421245421246
1.411062271062271
1.743882783882784
1.5206593406593405
1.7664468864468863
1.622197802197802
1.854285714285714
1.4779487179487178
1.7728937728937728
1.476336996336996
1.8252747252747252
1.5254945054945055
1.9606593406593407
1.3175824175824176
1.7970695970695971
1.622197802197802
1.735018315018315
1.4755311355311354
1.859120879120879
1.4247619047619047
1.7334065934065932
1.585128205128205
1.7084249084249084
1.4497435897435897
1.7213186813186812
1.5391941391941393
1.7382417582417582
1.6681318681318682
1.6697435897435897
1.4304029304029304
1.7785347985347983
1.4892307692307691
1.6068864468864468
1.7172893772893771
1.6874725274725275
1.4424908424908425
1.8333333333333333
1.618974358974359
1.7446886446886447
1.5359706959706958
1.7809523809523808
1.4827838827838828
1.726959706959707
1.6681318681318682
1.6842490842490843
1.5545054945054944
1.8268864468864467
1.5359706959706958
1.8575091575091576
1.5883516483516482
1.63025641025641
1.614139194139194
1.7833699633699633
1.481172161172161
1.8293040293040292
1.784175824175824
1.6826373626373625
1.6117216117216118
1.7366300366300367
1.6286446886446884
1.8413919413919413
1.6463736263736264
1.6649084249084247
1.6391208791208791
1.8558974358974358
1.5536996336996336
1.7664468864468863
1.7277655677655677
1.4465201465201465
1.5472527472527473
1.6874725274725275
1.5037362637362635
1.7277655677655677
1.7583882783882783
1.6673260073260072
1.7148717948717949
1.8172161172161172
1.4553846153846153
1.6157509157509158
1.6721611721611722
1.598021978021978
1.5142124542124542
1.8123809523809524
1.5883516483516482
1.606080586080586
1.5907692307692307
1.7156776556776556
1.747912087912088
1.8446153846153845
1.5947985347985347
1.6334798534798534
1.7285714285714286
1.784175824175824
1.4940659340659341
1.6721611721611722
1.7100366300366299
1.635091575091575
1.7285714285714286
1.8333333333333333
1.5673992673992674
1.7712820512820513
1.6624908424908424
1.5528937728937728
1.6874725274725275
1.7317948717948717
1.5126007326007325
1.7245421245421246
1.652014652014652
1.622197802197802
1.6568498168498167
1.8212454212454212
1.5424175824175823
1.4158974358974357
1.7100366300366299
1.623003663003663
1.6431501831501831
1.7728937728937728
1.5786813186813187
1.6753846153846153
1.6415384615384614
1.5536996336996336
1.5947985347985347
1.5359706959706958
1.4908424908424909
1.709230769230769
1.9622710622710622
1.6415384615384614
1.5359706959706958
1.7172893772893771
1.6455677655677654
1.5947985347985347
1.6866666666666665
1.6326739926739926
1.5649816849816849
1.78014652014652
1.622197802197802
1.5947985347985347
1.8558974358974358
1.568205128205128
1.5101831501831502
1.6608791208791207
1.6810256410256408
1.5279120879120878
1.8091575091575092
1.614139194139194
1.6455677655677654
1.7205128205128206
1.755970695970696
1.1902564102564102
1.5915750915750915
1.858315018315018
1.5867399267399267
1.472307692307692
1.9042490842490842
1.7035897435897436
1.6697435897435897
1.7398534798534797
1.7132600732600731
1.598021978021978
1.747912087912088
1.5778754578754577
1.7156776556776556
1.6713553113553112
1.6133333333333333
1.6512087912087912
1.7648351648351648
1.597216117216117
1.7616117216117215
1.697142857142857
1.5303296703296703
1.6689377289377287
1.7414652014652012
1.5843223443223442
1.718095238095238
1.73018315018315
1.6286446886446884
1.564175824175824
1.6939194139194138
1.5061538461538462
1.5601465201465199
1.772087912087912
1.7148717948717949
1.568205128205128
1.759194139194139
1.5802930402930402
1.6544322344322344
1.6898901098901098
1.4658608058608058
1.5222710622710622
1.6278388278388278
2.0460805860805857
1.6254212454212453
1.527106227106227
1.7285714285714286
1.510989010989011
1.7543589743589743
1.7189010989010989
1.7148717948717949
1.61010989010989
1.767252747252747
1.5206593406593405
1.7342124542124542
1.7938461538461536
1.5754578754578754
1.5835164835164834
1.8317216117216117
1.5319413919413918
2.031575091575091
1.6689377289377287
1.6415384615384614
1.7293772893772892
1.7189010989010989
1.44007326007326
1.7019780219780218
1.6810256410256408
1.464249084249084
1.5399999999999998
1.9896703296703295
1.5923809523809522
1.6858608058608058
1.7873992673992674
1.6987545787545786
1.5625641025641026
1.8430036630036628
1.7043956043956043
1.7132600732600731
1.656043956043956
2.0952380952380953
1.569010989010989
1.8204395604395605
1.5464468864468863
1.6761904761904762
1.7132600732600731
1.8027106227106227
1.5279120879120878
1.6874725274725275
1.5649816849816849
1.7205128205128206
1.6632967032967032
1.722930402930403
1.5706227106227106
1.8075457875457874
1.6213919413919413
1.6407326007326006
1.6850549450549448
1.8172161172161172
1.4932600732600732
1.8832967032967032
1.605274725274725
1.5536996336996336
1.6286446886446884
1.8333333333333333
1.6810256410256408
1.8333333333333333
1.6528205128205127
1.6947252747252746
1.6028571428571428
1.9195604395604395
1.443296703296703
1.8373626373626373
1.622197802197802
1.6786080586080585
1.3361172161172161
1.8172161172161172
1.5391941391941393
1.8897435897435897
1.622197802197802
1.73018315018315
1.498901098901099
1.8897435897435897
1.439267399267399
1.7334065934065932
1.6649084249084247
1.656043956043956
1.5657875457875456
1.9268131868131866
1.4803663003663001
1.7833699633699633
1.6649084249084247
1.63025641025641
1.4884249084249084
1.8865201465201464
1.4876190476190474
1.6399267399267399
1.5045421245421244
1.7833699633699633
1.461025641025641
1.8107692307692307
1.8510622710622708
1.631062271062271
1.6165567765567763
1.784175824175824
1.2394139194139193
1.8704029304029302
1.5013186813186812
1.635091575091575
1.58996336996337
1.7833699633699633
1.5037362637362635
1.859120879120879
1.3933333333333333
1.7487179487179487
1.3836630036630035
1.8035164835164834
1.4038095238095236
1.7366300366300367
1.5134065934065932
1.6979487179487178
1.5867399267399267
1.8035164835164834
1.4304029304029304
1.8865201465201464
1.581904761904762
1.93003663003663
1.5561172161172159
1.8647619047619046
1.4062271062271061
2.017069597069597
1.5263003663003663
1.7414652014652012
1.7342124542124542
1.846227106227106
1.5335531135531135
1.8397802197802198
1.5464468864468863
1.722930402930403
1.5158241758241757
1.9324542124542123
1.4215384615384614
1.859120879120879
1.4618315018315018
1.7688644688644688
1.427179487179487
1.9235897435897436
1.4094505494505494
1.9429304029304026
1.5061538461538462
1.7664468864468863
1.5625641025641026
1.938095238095238
1.472307692307692
1.8744322344322342
1.4626373626373625
1.7938461538461536
1.306300366300366
2.025128205128205
1.394139194139194
1.9864468864468865
1.6109157509157508
1.858315018315018
1.3602930402930402
1.921978021978022
1.3949450549450548
1.7777289377289376
1.5915750915750915
1.6882783882783883
1.3989743589743588
1.9042490842490842
1.4505494505494505
1.8075457875457874
1.9654945054945054
1.8776556776556776
1.314358974358974
1.9042490842490842
1.427985347985348
1.8623443223443221
1.5045421245421244
1.8824908424908424
1.3296703296703296
1.9243956043956043
1.4594139194139193
1.8099633699633697
1.357069597069597
2.015457875457875
1.3957509157509156
2.004175824175824
1.5126007326007325
1.747912087912088
1.3989743589743588
1.8526739926739926
1.2974358974358975
1.8671794871794871
1.365934065934066
1.872014652014652
1.5335531135531135
2.041245421245421
1.340952380952381
1.8397802197802198
1.4449084249084247
1.7954578754578754
1.3747985347985345
1.975164835164835
1.5496703296703296
1.7060073260073259
1.4658608058608058
1.926007326007326
1.3345054945054944
2.0267399267399266
1.3433699633699632
1.8002930402930402
1.411062271062271
1.9042490842490842
1.2506959706959706
1.9332600732600733
1.3884981684981683
1.8736263736263736
1.4618315018315018
1.9606593406593407
1.2426373626373626
1.7736996336996336
1.4465201465201465
1.8325274725274725
1.456996336996337
2.0227106227106226
1.4062271062271061
1.838168498168498
1.4739194139194138
1.909084249084249
1.3973626373626373
2.0106227106227106
1.2837362637362637
1.959047619047619
1.3336996336996336
1.8832967032967032
1.332087912087912
2.1234432234432234
1.295018315018315
1.8978021978021977
1.4739194139194138
1.8744322344322342
1.1322344322344322
2.029157509157509
1.2104029304029302
1.8712087912087911
1.593992673992674
1.9268131868131866
1.299047619047619
1.793040293040293
1.294212454212454
1.884908424908425
1.5142124542124542
1.938095238095238
1.2974358974358975
2.428058608058608
1.323223443223443
1.8905494505494504
1.4465201465201465
2.0065934065934066
1.2418315018315016
2.0517216117216117
1.3562637362637362
1.8953846153846152
1.2128205128205127
1.8526739926739926
1.402197802197802
1.7358241758241757
1.3876923076923076
1.8365567765567765
1.2877655677655677
1.9824175824175825
1.24021978021978
2.0186813186813186
1.3353113553113551
1.929230769230769
1.3691575091575092
2.1274725274725275
1.2756776556776557
1.7922344322344321
1.4054212454212454
2.003369963369963
1.2394139194139193
2.0484981684981687
1.315164835164835
1.9799999999999998
1.4674725274725273
1.9969230769230768
1.3296703296703296
2.1032967032967034
1.203956043956044
2.007399267399267
1.3772161172161173
1.9493772893772894
1.2611721611721611
2.0912087912087913
1.3175824175824176
1.9646886446886447
1.4046153846153846
1.9558241758241757
1.1749450549450549
2.0380219780219777
1.3683516483516482
1.93003663003663
1.3965567765567766
2.0710622710622713
1.0572893772893772
2.076703296703297
1.2909890109890108
1.9316483516483516
1.4142857142857144
2.0791208791208793
1.2192673992673992
2.078315018315018
1.5585347985347986
2.041245421245421
1.4368498168498167
2.088791208791209
1.2466666666666666
1.9026373626373625
1.2394139194139193
1.995311355311355
1.593186813186813
2.0420512820512817
1.2216849816849817
2.092820512820513
1.3433699633699632
2.1548717948717946
1.3054945054945055
2.104102564102564
1.1983150183150182
2.0678388278388278
1.3006593406593405
1.9799999999999998
1.2571428571428571
2.0944322344322344
1.24021978021978
1.8349450549450548
1.3756043956043955
2.10007326007326
1.1596336996336996
2.1097435897435894
1.295018315018315
1.9864468864468865
1.353040293040293
2.0347985347985347
1.2297435897435898
2.158095238095238
1.2708424908424907
2.0936263736263734
1.357875457875458
1.9808058608058607
0.826007326007326
2.1274725274725275
1.0476190476190477
1.9799999999999998
1.2934065934065935
2.0549450549450547
1.187032967032967
2.015457875457875
1.3304761904761904
1.9203663003663003
1.4594139194139193
2.1226373626373625
1.1507692307692308
2.0106227106227106
1.282124542124542
2.0364102564102566
1.274065934065934
2.2684981684981684
1.1725274725274726
2.12989010989011
1.3514285714285712
2.011428571428571
1.216043956043956
2.178241758241758
1.2652014652014651
2.0219047619047616
1.3264468864468864
1.872014652014652
1.1459340659340658
2.12989010989011
1.1902564102564102
2.0178754578754576
1.306300366300366
2.0364102564102566
1.1378754578754577
2.12989010989011
1.2434432234432233
2.0678388278388278
1.3046886446886445
2.3079853479853476
0.9984615384615384
2.1508424908424906
1.2684249084249084
1.988058608058608
1.2756776556776557
2.1935531135531137
1.1507692307692308
2.2902564102564105
1.3594871794871795
1.93003663003663
1.2104029304029302
2.1766300366300366
1.261978021978022
2.10007326007326
1.332087912087912
2.0259340659340657
1.2023443223443222
2.7286446886446885
1.2265201465201463
2.0259340659340657
1.1660805860805858
2.0775091575091573
1.2547252747252746
2.2169230769230768
1.112893772893773
2.031575091575091
1.2523076923076923
2.058168498168498
1.0605128205128205
2.154065934065934
1.203956043956044
2.0638095238095238
1.3723809523809523
2.12989010989011
1.0089377289377288
2.1492307692307695
1.1942857142857142
1.8647619047619046
1.1257875457875457
2.1597069597069596
1.1161172161172161
2.1750183150183147
1.1934798534798534
2.0710622710622713
1.2305494505494503
2.2475457875457874
1.1024175824175824
2.3216849816849816
1.2539194139194136
2.0984615384615384
1.3353113553113551
2.2128937728937728
1.27003663003663
2.162124542124542
1.2273260073260073
2.0396336996336997
1.1467399267399268
2.2161172161172162
1.1402930402930402
2.129084249084249
1.3691575091575092
2.1032967032967034
1.1838095238095239
2.2008058608058607
1.033113553113553
2.1105494505494504
1.2466666666666666
2.1637362637362636
1.1467399267399268
2.39018315018315
1.1032234432234431
2.078315018315018
1.31032967032967
2.1806593406593406
1.1241758241758242
2.137948717948718
1.2128205128205127
1.8978021978021977
1.236996336996337
2.233040293040293
1.1257875457875457
2.198388278388278
0.88
1.971135531135531
0.9912087912087912
2.112161172161172
1.07018315018315
2.1685714285714286
1.199120879120879
2.132307692307692
1.1435164835164835
2.258021978021978
1.0726007326007327
2.1492307692307695
1.1693040293040293
2.100879120879121
1.0532600732600732
2.2942857142857145
1.1153113553113552
2.0904029304029303
1.05003663003663
2.1597069597069596
1.0129670329670328
2.3619780219780218
1.1145054945054944
2.1145787545787544
1.174139194139194
2.2306227106227103
1.0250549450549449
2.2781684981684984
1.1410989010989012
2.1274725274725275
1.203150183150183
2.2483516483516484
1.037142857142857
2.332967032967033
1.1805860805860806
2.10007326007326
1.1757509157509156
2.2161172161172162
1.1427106227106225
2.237875457875458
1.1523809523809523
2.12989010989011
1.1225641025641024
2.312820512820513
1.037948717948718
2.1927472527472527
1.2877655677655677
2.136336996336996
1.1153113553113552
2.3015384615384615
1.0387545787545787
2.0654212454212453
1.1564102564102565
2.274945054945055
1.078241758241758
2.3265201465201466
1.0677655677655677
2.245934065934066
0.8276190476190476
2.224981684981685
0.7268864468864469
2.349084249084249
1.0645421245421245
2.1854945054945056
1.1684981684981686
2.1911355311355307
1.2095970695970697
2.237069597069597
1.2458608058608056
2.1734065934065936
1.1515750915750915
2.258827838827839
1.0556776556776557
2.277362637362637
1.0919413919413918
1.7825641025641024
1.0226373626373626
2.4111355311355314
1.095164835164835
2.3007326007326006
1.1386813186813185
2.1065201465201464
1.1185347985347984
2.5795604395604395
1.0210256410256409
2.1685714285714286
1.203150183150183
2.1315018315018315
1.0355311355311356
2.386153846153846
1.004102564102564
2.241098901098901
1.1709157509157508
2.1838827838827837
1.0693772893772893
2.3619780219780218
0.9879853479853479
2.2821978021978024
1.1370695970695972
2.238681318681319
0.8332600732600732
2.3813186813186813
1.0008791208791208
2.1508424908424906
1.1112820512820512
2.19032967032967
1.0895238095238093
2.327326007326007
0.9871794871794872
2.2225641025641023
1.1273992673992674
2.220952380952381
0.9090109890109889
2.3668131868131868
1.0210256410256409
2.1911355311355307
0.9686446886446887
2.3063736263736265
1.0032967032967033
2.327326007326007
1.3208058608058608
2.3200732600732596
1.1145054945054944
2.3345787545787546
0.9702564102564102
2.3716483516483517
1.0597069597069597
2.257216117216117
1.2095970695970697
2.3079853479853476
0.9573626373626373
2.382930402930403
1.0105494505494506
2.1105494505494504
1.0967765567765568
2.4433699633699635
0.8816117216117215
2.3297435897435896
0.9065934065934066
2.258021978021978
1.0089377289377288
2.273333333333333
0.9509157509157509
2.4473992673992675
0.9912087912087912
2.2322344322344323
1.0065201465201465
2.237069597069597
1.037948717948718
2.394212454212454
1.1378754578754577
2.2942857142857145
1.0774358974358973
2.5078388278388273
0.8977289377289377
2.3684249084249083
1.0145787545787546
2.262857142857143
1.1330402930402932
2.3579487179487177
0.888058608058608
2.242710622710623
1.0427838827838827
2.2475457875457874
1.0355311355311356
2.4353113553113555
0.8936996336996337
2.3853479853479853
1.116923076923077
2.2838095238095235
1.3046886446886445
2.453846153846154
0.8316483516483516
2.5634432234432234
1.091135531135531
2.5086446886446887
0.9758974358974358
2.445787545787546
0.8751648351648351
2.3595604395604393
0.958974358974359
2.2676923076923075
0.9557509157509156
2.3845421245421243
0.9194871794871794
2.544102564102564
1.3594871794871795
2.254798534798535
1.0218315018315018
2.403882783882784
0.8663003663003663
2.3684249084249083
1.0427838827838827
2.2483516483516484
0.9694505494505493
2.374065934065934
0.9283516483516483
2.2644688644688644
1.0758241758241758
2.3708424908424908
1.0363369963369964
2.2032234432234428
0.8614652014652014
2.2362637362637363
1.0363369963369964
2.339413919413919
0.6567765567765568
2.452234432234432
0.9525274725274725
2.266886446886447
0.913040293040293
2.3555311355311352
0.888058608058608
2.4006593406593404
0.9347985347985348
2.3378021978021977
1.0032967032967033
2.341025641025641
0.8316483516483516
2.436117216117216
0.7760439560439559
2.291062271062271
1.0403663003663004
2.3708424908424908
0.8413186813186813
2.3732600732600733
0.9412454212454212
2.2265934065934063
0.9742857142857142
2.4175824175824174
0.913040293040293
2.531208791208791
0.9114285714285714
2.2394871794871793
1.0274725274725274
2.464322344322344
0.7615384615384615
2.361172161172161
1.0846886446886448
2.3587545787545787
0.9952380952380953
2.570695970695971
0.8783882783882784
2.339413919413919
0.9952380952380953
2.225787545787546
1.033113553113553
2.3265201465201466
0.7816849816849817
2.3813186813186813
1.0685714285714285
2.3853479853479853
1.1080586080586081
2.489304029304029
0.8372893772893772
2.452234432234432
0.9501098901098901
2.327326007326007
0.7905494505494505
2.4884981684981686
0.7937728937728937
2.336996336996337
1.0693772893772893
2.291062271062271
0.8534065934065934
2.544102564102564
0.8163369963369963
2.453846153846154
0.8783882783882784
2.3418315018315017
0.9283516483516483
2.37003663003663
0.8791941391941391
2.403882783882784
0.9339926739926739
2.3676190476190477
0.7405860805860806
2.445787545787546
1.1684981684981686
2.4216117216117214
0.8566300366300366
2.391794871794872
0.8356776556776556
2.5134798534798533
0.8896703296703297
2.48043956043956
0.7881318681318681
2.4675457875457876
0.9307692307692308
2.5150915750915748
0.9581684981684981
2.4127472527472524
0.88
2.444175824175824
0.8292307692307692
2.4167765567765565
0.8808058608058608
2.481245421245421
1.0008791208791208
2.5005860805860807
0.8324542124542124
2.453846153846154
0.9194871794871794
2.4216117216117214
0.9194871794871794
2.3257142857142856
0.734139194139194
2.5134798534798533
0.8767765567765566
2.4095238095238094
0.8791941391941391
2.4707692307692306
0.8203663003663003
2.4828571428571427
0.9621978021978022
2.339413919413919
0.9315750915750916
2.5215384615384613
0.813113553113553
2.4328937728937725
0.971062271062271
2.3974358974358974
0.9468864468864469
2.2233699633699633
0.805054945054945
2.3426373626373627
0.9364102564102564
2.4353113553113555
0.6068131868131869
2.578754578754579
0.7430036630036629
2.4554578754578755
0.8703296703296703
2.536043956043956
0.7857142857142857
2.465128205128205
0.7808791208791208
2.3265201465201466
0.9114285714285714
2.476410256410256
0.809084249084249
2.594065934065934
0.8348717948717949
2.589230769230769
0.9065934065934066
2.568278388278388
0.7865201465201465
2.5038095238095233
0.8235897435897436
2.4345054945054945
0.7454212454212454
2.5465201465201464
0.7873260073260073
2.5497435897435894
0.8848351648351648
2.241098901098901
0.8284249084249083
2.615018315018315
0.9114285714285714
2.4965567765567767
0.8703296703296703
2.299120879120879
0.8663003663003663
2.605347985347985
0.7905494505494505
2.5457142857142854
0.921098901098901
2.4071062271062273
0.8542124542124542
2.594065934065934
0.8276190476190476
2.374065934065934
0.9436630036630036
2.4957509157509152
0.8018315018315019
2.5698901098901095
0.7849084249084248
2.4393406593406595
0.9686446886446887
2.461904761904762
0.6962637362637362
2.3619780219780218
0.7583150183150182
2.3676190476190477
0.875970695970696
2.6456410256410257
0.7736263736263737
2.594065934065934
0.8574358974358974
2.341025641025641
0.9065934065934066
2.5158974358974358
0.7107692307692307
2.731062271062271
0.7913553113553113
2.44981684981685
0.8663003663003663
2.5424908424908423
0.5616849816849817
2.5658608058608054
0.6648351648351648
2.4030769230769233
0.8695238095238095
2.483663003663003
0.7317216117216117
2.46996336996337
0.8936996336996337
2.6802930402930403
0.7325274725274725
2.6633699633699632
0.5004395604395604
2.624688644688644
0.8735531135531135
2.448205128205128
0.8034432234432234
2.5594139194139194
0.5624908424908425
2.570695970695971
0.8816117216117215
2.523150183150183
0.5632967032967032
2.5876190476190475
0.6720879120879121
2.5199267399267398
0.8598534798534798
2.5263736263736263
0.6382417582417582
2.632747252747252
0.5761904761904761
2.4909157509157507
1.0178021978021976
2.3104029304029305
0.7252747252747253
2.6214652014652016
0.6543589743589744
2.689157509157509
0.913040293040293
2.5142857142857142
0.7051282051282052
2.594065934065934
0.9887912087912087
2.527179487179487
0.7607326007326007
2.639194139194139
0.7107692307692307
2.6698168498168497
0.7832967032967033
2.5086446886446887
0.6334065934065933
2.606153846153846
0.5866666666666667
2.6319413919413917
0.7720146520146519
2.5537728937728934
0.7550915750915751
2.519120879120879
0.5358974358974359
2.618241758241758
0.7832967032967033
2.5997069597069595
0.7172161172161172
2.5545787545787544
0.7107692307692307
2.6923809523809523
0.8235897435897436
2.468351648351648
0.7986080586080585
2.6633699633699632
0.5866666666666667
2.673040293040293
0.5769963369963369
2.5295970695970693
0.7043223443223443
2.632747252747252
0.6817582417582417
2.6617582417582417
0.7325274725274725
2.4868864468864467
0.7913553113553113
2.7028571428571424
0.7252747252747253
2.608571428571428
0.8179487179487179
2.615018315018315
0.7083516483516483
2.7125274725274724
0.4464468864468864
2.6440293040293037
0.7824908424908424
2.4909157509157507
0.6422710622710622
2.693992673992674
0.6487179487179487
2.4232234432234434
0.7986080586080585
2.577142857142857
0.738168498168498
2.6907692307692304
0.8912820512820512
2.576336996336996
0.718021978021978
2.598095238095238
0.6189010989010988
2.6359706959706957
0.6285714285714286
2.634358974358974
0.7236630036630036
2.6520879120879117
0.5624908424908425
2.739120879120879
0.7325274725274725
2.5553846153846154
0.8969230769230768
2.813260073260073
0.6237362637362637
2.729450549450549
0.7663736263736263
2.568278388278388
0.713992673992674
2.697216117216117
0.601978021978022
2.789084249084249
0.7059340659340658
2.2846153846153845
0.7623443223443223
2.7084981684981684
0.5157509157509158
2.6601465201465198
0.7961904761904761
2.3893772893772893
0.6068131868131869
2.5916483516483515
0.6213186813186813
2.60051282051282
0.6938461538461538
2.5876190476190475
0.809084249084249
2.731868131868132
0.5826373626373627
2.609377289377289
0.7083516483516483
2.626300366300366
0.4859340659340659
2.7407326007326005
0.6680586080586081
2.747179487179487
0.7349450549450549
2.639194139194139
0.5109157509157509
2.8277655677655673
0.4859340659340659
2.6214652014652016
0.6632234432234432
2.737509157509157
0.552014652014652
2.6633699633699632
0.651135531135531
2.5634432234432234
0.5165567765567765
2.725421245421245
0.8977289377289377
2.735897435897436
0.6463003663003662
2.6843223443223443
0.7333333333333333
2.636776556776556
0.585054945054945
2.826153846153846
0.863076923076923
2.60051282051282
0.6446886446886447
2.884175824175824
0.5826373626373627
2.7810256410256406
0.7373626373626374
2.747179487179487
0.5987545787545788
2.6682051282051282
0.6487179487179487
2.6601465201465198
0.7276923076923076
2.709304029304029
0.5906959706959707
2.723003663003663
0.6253479853479853
2.711721611721612
0.6277655677655677
2.6778754578754578
0.4561172161172161
2.779413919413919
0.6027838827838828
2.6843223443223443
0.7083516483516483
2.6714285714285713
0.5552380952380952
2.727838827838828
0.6052014652014651
2.6625641025641023
0.6301831501831502
2.735091575091575
0.5197802197802198
2.8873992673992674
0.6221245421245422
2.493333333333333
0.6745054945054945
2.7810256410256406
0.552014652014652
2.7165567765567764
0.5415384615384615
2.606959706959707
0.6986813186813187
2.8366300366300368
0.5052747252747253
2.9607326007326003
0.7043223443223443
2.6456410256410257
0.6398534798534798
2.8326007326007328
0.5221978021978022
2.735897435897436
0.5415384615384615
2.6625641025641023
0.5536263736263736
2.784249084249084
0.5495970695970696
2.655311355311355
0.6406593406593407
2.5795604395604395
0.5947252747252747
2.76007326007326
0.73010989010989
2.664175824175824
0.6213186813186813
2.6617582417582417
0.5705494505494506
2.864029304029304
0.5600732600732601
2.6649816849816848
0.5616849816849817
2.6738461538461538
0.5431501831501832
2.8753113553113554
0.5262271062271062
2.761684981684981
0.713992673992674
2.612600732600732
0.5133333333333333
2.876117216117216
0.4593406593406593
2.6786813186813183
0.7067399267399267
2.745567765567765
0.5294505494505495
2.768131868131868
0.5616849816849817
2.9599267399267397
0.655164835164835
2.739120879120879
0.5576556776556776
2.7665201465201466
0.5608791208791208
2.6456410256410257
0.6753113553113552
2.693992673992674
0.48835164835164835
2.71010989010989
0.5794139194139194
2.727032967032967
0.502051282051282
2.7810256410256406
0.44
2.783443223443223
0.523003663003663
2.6545054945054942
0.5834432234432234
2.847912087912088
0.47868131868131863
2.8616117216117214
0.6414652014652014
2.701245421245421
0.47706959706959706
2.787472527472527
0.4198534798534798
2.8003663003663
0.651135531135531
2.4586813186813186
0.4633699633699634
2.858388278388278
0.4126007326007326
2.729450549450549
0.5600732600732601
2.715750915750916
0.5213919413919413
2.8317948717948713
0.5504029304029304
2.642417582417582
0.6132600732600731
2.7584615384615385
0.49157509157509155
2.8777289377289375
0.49238095238095236
2.784249084249084
0.6148717948717949
2.5658608058608054
0.5197802197802198
2.834212454212454
0.2772161172161172
2.6528937728937727
0.813113553113553
2.7286446886446885
0.38036630036630037
2.779413919413919
0.5302564102564102
2.76007326007326
0.5375091575091575
2.864835164835165
0.4238827838827839
2.872893772893773
0.5721611721611721
2.701245421245421
0.6213186813186813
2.916410256410256
0.41904761904761906
2.9615384615384617
0.48835164835164835
2.796336996336996
0.5931135531135531
2.9099633699633696
0.40293040293040294
2.842271062271062
0.6326007326007326
2.7898901098901097
0.5592673992673992
2.6996336996337
0.43758241758241756
2.8535531135531134
0.5415384615384615
2.751208791208791
0.47626373626373625
2.851941391941392
0.4593406593406593
2.634358974358974
0.5906959706959707
2.5578021978021974
0.5036630036630036
2.897069597069597
0.2691575091575092
2.7987545787545787
0.4851282051282051
2.842271062271062
0.4593406593406593
3.0517948717948715
0.4931868131868132
2.848717948717949
0.5632967032967032
2.813260073260073
0.5342857142857143
2.858388278388278
0.45450549450549443
2.8326007326007328
0.539120879120879
2.9518681318681317
0.39567765567765567
2.9019047619047615
0.5165567765567765
2.729450549450549
0.5278388278388279
2.85032967032967
0.26593406593406593
2.882564102564102
0.5487912087912087
2.799560439560439
0.5052747252747253
3.0155311355311354
0.39728937728937724
3.133992673992674
0.6342124542124542
2.796336996336996
0.49882783882783877
2.942197802197802
0.32879120879120877
2.882564102564102
0.5649084249084249
2.741538461538461
0.5052747252747253
3.013113553113553
0.39326007326007323
2.839047619047619
0.552014652014652
2.7898901098901097
0.4464468864468864
2.9921611721611723
0.44
2.771355311355311
0.5415384615384615
2.8712820512820514
0.2111355311355311
2.9035164835164835
0.4061538461538461
2.7383150183150184
0.3537728937728937
2.7850549450549447
0.39406593406593404
2.993772893772894
0.4472527472527473
2.838241758241758
0.41340659340659336
2.858388278388278
0.29816849816849816
2.9035164835164835
0.5173626373626373
2.7407326007326005
0.5117216117216117
2.954285714285714
0.30058608058608055
2.925274725274725
0.4416117216117216
2.808424908424908
0.523003663003663
2.864835164835165
0.2336996336996337
3.042124542124542
0.523003663003663
2.843882783882784
0.47545787545787543
2.767326007326007
0.4383882783882783
2.874505494505494
0.5334798534798535
2.8197069597069593
0.3989010989010989
2.9470329670329667
0.33201465201465197
2.9534798534798536
0.5044688644688644
2.714945054945055
0.35216117216117215
2.934139194139194
0.3594139194139194
2.752014652014652
0.3779487179487179
2.757655677655677
0.2772161172161172
3.087252747252747
0.3481318681318681
2.854358974358974
0.5794139194139194
2.924468864468864
0.4319413919413919
2.9147985347985346
0.47626373626373625
2.8068131868131867
0.5012454212454213
3.0888644688644686
0.41018315018315016
