2.502197802197802
0.8646886446886446
2.383736263736264
1.0919413919413918
2.3361904761904757
0.9283516483516483
2.445787545787546
0.9476923076923076
2.3104029304029305
1.0943589743589743
2.335384615384615
1.0395604395604396
2.4216117216117214
0.9009523809523808
2.3345787545787546
1.0226373626373626
2.2346520146520144
0.9936263736263735
2.448205128205128
0.9065934065934066
2.3974358974358974
1.1088644688644689
2.2523809523809524
1.0468131868131867
2.3515018315018312
0.8808058608058608
2.4312820512820514
1.0008791208791208
2.341025641025641
1.004102564102564
2.2362637362637363
0.929157509157509
2.465128205128205
0.9194871794871794
2.2201465201465203
1.0484249084249084
2.465128205128205
0.9372161172161171
2.411941391941392
0.9356043956043956
2.3144322344322346
0.9791208791208791
2.295091575091575
1.0516483516483517
2.391794871794872
0.9638095238095238
2.2064468864468862
0.9799267399267398
2.3200732600732596
1.066153846153846
2.383736263736264
0.5681318681318681
2.324908424908425
1.066959706959707
2.3466666666666667
1.0194139194139193
2.428058608058608
0.9912087912087912
2.3684249084249083
1.0178021978021976
2.311208791208791
1.0073260073260073
2.2265934065934063
0.8791941391941391
2.339413919413919
0.9928205128205128
2.253186813186813
1.0210256410256409
2.2942857142857145
0.9984615384615384
2.3603663003663002
0.9879853479853479
2.224981684981685
1.1120879120879121
1.9106959706959705
0.9613919413919413
2.3216849816849816
0.9525274725274725
2.2523809523809524
1.0967765567765568
2.2483516483516484
1.1668864468864468
2.4296703296703295
0.9493040293040292
2.3426373626373627
1.0468131868131867
2.1556776556776556
1.0387545787545787
2.327326007326007
0.8219780219780219
2.3909890109890113
1.1967032967032967
2.3216849816849816
1.1088644688644689
2.2717216117216115
0.9323809523809523
2.3805128205128203
1.0089377289377288
2.3458608058608057
1.4505494505494505
2.320879120879121
0.9928205128205128
2.398241758241758
0.9758974358974358
2.1806593406593406
1.1467399267399268
2.2225641025641023
0.9049816849816849
2.3724542124542123
0.913040293040293
2.347472527472527
1.1942857142857142
2.158095238095238
1.041172161172161
2.283003663003663
0.9863736263736264
2.2636630036630034
1.4980952380952381
2.1895238095238096
1.1024175824175824
2.3120146520146516
1.1298168498168497
2.191941391941392
1.0919413919413918
2.108131868131868
1.1048351648351649
2.2362637362637363
0.8824175824175824
2.2153113553113553
1.0532600732600732
2.1492307692307695
1.2523076923076923
2.19032967032967
0.9049816849816849
2.997802197802198
1.0129670329670328
2.2523809523809524
1.1636630036630036
2.238681318681319
1.0178021978021976
2.3281318681318677
1.0726007326007327
2.1734065934065936
1.1564102564102565
2.1774358974358976
1.05003663003663
1.929230769230769
0.9952380952380953
2.1975824175824177
1.1709157509157508
2.1653479853479856
0.9904029304029304
2.233040293040293
0.9904029304029304
2.195970695970696
1.1072527472527471
1.9115018315018313
1.1427106227106225
2.2265934065934063
1.0218315018315018
2.2975091575091575
1.1789743589743589
2.2048351648351647
1.1684981684981686
2.2999267399267396
1.0613186813186812
2.307179487179487
1.0685714285714285
2.1556776556776556
1.1660805860805858
2.2153113553113553
0.7293040293040293
2.319267399267399
1.2015384615384617
2.1677655677655676
1.1539926739926738
2.1016849816849814
1.1410989010989012
2.2217582417582418
0.871941391941392
2.249157509157509
1.0298901098901099
2.158095238095238
1.0693772893772893
2.4006593406593404
1.0452014652014652
2.3216849816849816
1.314358974358974
2.076703296703297
1.3562637362637362
2.229010989010989
1.054065934065934
2.3587545787545787
1.1410989010989012
2.2056410256410257
1.2047619047619047
2.025128205128205
1.0113553113553113
2.2797802197802195
1.1813919413919414
2.1016849816849814
1.2829304029304027
2.1572893772893775
1.1016117216117214
1.9413186813186813
1.0903296703296703
2.2177289377289378
1.357875457875458
2.1234432234432234
1.1
2.245934065934066
1.041978021978022
2.137948717948718
1.224908424908425
1.9389010989010986
1.1475457875457875
2.254798534798535
1.0468131868131867
2.278974358974359
1.1886446886446886
2.086373626373626
1.2885714285714285
2.3063736263736265
1.0766300366300368
2.2394871794871793
1.1491575091575092
2.116190476190476
1.2458608058608056
2.10007326007326
1.1547985347985348
2.224981684981685
1.0653479853479852
2.1975824175824177
1.2571428571428571
2.1532600732600735
1.1008058608058608
2.2394871794871793
1.1410989010989012
2.0734798534798533
1.2917948717948717
2.108937728937729
1.1531868131868133
2.3990476190476193
1.083076923076923
2.0517216117216117
1.2563369963369964
2.152454212454212
1.1588278388278388
2.194358974358974
1.1201465201465202
2.1226373626373625
1.2829304029304027
2.045274725274725
1.199120879120879
2.258827838827839
1.1233699633699634
2.137948717948718
1.1660805860805858
2.003369963369963
1.2563369963369964
2.194358974358974
1.216043956043956
1.8268864468864467
0.9001465201465201
2.0509157509157507
1.266007326007326
2.2032234432234428
1.116923076923077
2.2
0.7978021978021979
2.0476923076923077
1.2611721611721611
2.0630036630036632
1.2643956043956044
2.1032967032967034
1.1604395604395605
2.0936263736263734
1.2934065934065935
2.1097435897435894
1.104029304029304
2.162124542124542
1.2909890109890108
2.0138461538461536
1.3127472527472528
2.1548717948717946
1.1886446886446886
2.1105494505494504
0.9621978021978022
1.950989010989011
1.3796336996336995
2.0388278388278387
1.299047619047619
2.0219047619047616
1.1684981684981686
2.0895970695970694
1.3199999999999998
2.0227106227106226
1.0468131868131867
2.1516483516483516
1.1749450549450549
2.0984615384615384
1.2539194139194136
1.83010989010989
1.24021978021978
2.128278388278388
1.1684981684981686
2.1653479853479856
1.1282051282051282
2.004981684981685
1.5545054945054944
2.0936263736263734
1.1161172161172161
2.162124542124542
1.2869597069597067
1.718095238095238
1.319194139194139
2.045274725274725
1.0169963369963368
2.162124542124542
1.27003663003663
1.950989010989011
1.3933333333333333
2.0267399267399266
1.2305494505494503
2.1548717948717946
1.2386080586080586
2.0565567765567767
1.3369230769230769
1.955018315018315
1.2176556776556777
2.096849816849817
1.2555311355311354
1.9687179487179487
1.3159706959706958
2.0605860805860807
1.2273260073260073
2.3216849816849816
1.1983150183150182
2.0710622710622713
1.4505494505494505
2.0025641025641026
1.2837362637362637
2.108937728937729
1.1346520146520145
2.0936263736263734
1.34981684981685
1.9783882783882785
1.3240293040293039
2.0347985347985347
1.1604395604395605
2.0750915750915753
1.120952380952381
2.0396336996336997
1.4158974358974357
2.1186080586080585
1.232967032967033
2.0630036630036632
1.3473992673992672
1.9848351648351648
1.3707692307692305
2.080732600732601
1.1975091575091577
2.12021978021978
1.2708424908424907
2.0460805860805857
1.3723809523809523
2.019487179487179
1.2297435897435898
2.1556776556776556
1.3199999999999998
1.9348717948717946
1.323223443223443
1.9542124542124542
1.2458608058608056
2.0186813186813186
1.2474725274725273
1.647985347985348
1.4457142857142857
2.013040293040293
1.2063736263736262
2.100879120879121
1.2917948717948717
1.984029304029304
1.427179487179487
1.9123076923076923
1.3401465201465201
2.316849816849817
1.2789010989010987
1.950989010989011
1.436043956043956
1.9461538461538461
1.4328205128205127
2.0750915750915753
1.1217582417582417
1.9687179487179487
1.3868864468864468
1.8679853479853479
1.4054212454212454
1.996117216117216
1.1733333333333333
2.0460805860805857
1.4263736263736264
1.884102564102564
1.4287912087912087
2.07025641025641
1.249084249084249
1.9574358974358974
1.3602930402930402
1.8599267399267398
1.2224908424908423
1.9719413919413917
1.1805860805860806
2.071868131868132
1.382051282051282
1.8413919413919413
1.4223443223443224
1.9654945054945054
1.3248351648351648
2.112161172161172
1.224102564102564
1.901025641025641
1.4304029304029304
1.7873992673992674
1.3087179487179488
2.129084249084249
1.302271062271062
1.9066666666666665
1.3844688644688643
1.8639560439560439
1.3425641025641024
2.071868131868132
1.1596336996336996
1.9469597069597069
1.5206593406593405
1.8430036630036628
1.373992673992674
2.0904029304029303
1.2539194139194136
1.9816117216117215
1.4940659340659341
1.8478388278388278
1.4932600732600732
2.0146520146520146
1.302271062271062
2.000952380952381
1.4489377289377288
2.241904761904762
1.4030036630036629
1.8333333333333333
1.1805860805860806
2.0106227106227106
1.3425641025641024
1.8897435897435897
1.4916483516483514
1.9235897435897436
1.3095238095238095
1.909084249084249
1.365934065934066
1.7962637362637361
1.4634432234432233
1.8454212454212455
1.4545787545787545
2.0460805860805857
1.3804395604395603
1.9034432234432233
1.4852014652014651
1.921172161172161
1.3772161172161173
1.9799999999999998
1.5609523809523809
1.8897435897435897
1.3965567765567766
1.8196336996336995
1.4158974358974357
1.9679120879120877
1.3473992673992672
1.9936996336996335
1.4207326007326007
1.8268864468864467
1.3328937728937729
1.987252747252747
1.3723809523809523
2.0146520146520146
1.5254945054945055
1.8228571428571427
1.4626373626373625
1.9316483516483516
1.3804395604395603
1.983223443223443
1.4916483516483514
1.8325274725274725
1.5561172161172159
1.9389010989010986
1.3393406593406592
2.0098168498168496
1.3949450549450548
1.7785347985347983
1.5391941391941393
1.8035164835164834
1.2724542124542124
1.9493772893772894
1.353846153846154
1.8816849816849817
1.5545054945054944
1.755164835164835
1.423150183150183
1.8349450549450548
1.3546520146520145
1.755970695970696
1.6939194139194138
1.8083516483516484
1.5222710622710622
1.9123076923076923
1.3925274725274723
1.8994139194139192
1.5238827838827838
1.8349450549450548
1.4626373626373625
1.8744322344322342
1.1781684981684981
1.913919413919414
1.6721611721611722
1.83010989010989
1.510989010989011
1.975164835164835
1.3772161172161173
1.8704029304029302
1.5037362637362635
1.8204395604395605
1.4852014652014651
1.8317216117216117
1.191868131868132
1.9235897435897436
1.4207326007326007
1.8712087912087911
1.5480586080586078
1.913113553113553
1.3554578754578752
1.7882051282051281
1.4457142857142857
1.9235897435897436
1.5883516483516482
1.8309157509157508
1.5198534798534797
1.772087912087912
1.4215384615384614
1.8284981684981685
1.7164835164835164
1.747106227106227
1.494871794871795
1.9195604395604395
1.4618315018315018
1.8156043956043955
1.5561172161172159
1.6657142857142855
1.4908424908424909
1.8784615384615382
1.7777289377289376
1.8639560439560439
1.4884249084249084
1.7422710622710622
1.4932600732600732
1.9195604395604395
1.378021978021978
1.9896703296703295
1.5351648351648353
1.743076923076923
1.4835897435897434
1.78014652014652
1.2934065934065935
1.8236630036630035
1.5021245421245422
1.7027838827838826
1.7237362637362637
1.8075457875457874
1.4416849816849817
1.8639560439560439
1.4779487179487178
1.7712820512820513
1.593992673992674
1.76
1.5601465201465199
1.8228571428571427
1.4618315018315018
1.4843956043956044
1.585934065934066
1.6786080586080585
1.3868864468864468
1.950989010989011
1.5496703296703296
1.8268864468864467
1.6906959706959706
1.726153846153846
1.394139194139194
1.9928937728937728
1.4852014652014651
1.735018315018315
1.6455677655677654
1.7664468864468863
1.5399999999999998
1.9276190476190476
1.581098901098901
1.8252747252747252
1.5432234432234433
1.3393406593406592
1.5432234432234433
1.8526739926739926
1.4473260073260072
1.7237362637362637
1.5206593406593405
1.7100366300366299
1.63025641025641
1.9332600732600733
1.473113553113553
1.7027838827838826
1.5375824175824175
1.8139926739926737
1.597216117216117
1.7906227106227104
1.465054945054945
1.8027106227106227
1.6874725274725275
1.697142857142857
1.6157509157509158
1.726959706959707
1.5448351648351648
1.7873992673992674
1.510989010989011
1.7003663003663003
1.7317948717948717
1.7882051282051281
1.631062271062271
1.9026373626373625
1.3973626373626373
1.6995604395604396
1.635091575091575
1.7809523809523808
1.4658608058608058
1.8349450549450548
1.5778754578754577
1.6818315018315018
1.7197069597069596
1.8051282051282052
1.5996336996336997
1.854285714285714
1.5061538461538462
1.7664468864468863
1.7914285714285714
1.5520879120879119
1.4175091575091574
1.8268864468864467
1.4457142857142857
1.6721611721611722
1.6947252747252746
1.4972893772893772
1.6383150183150181
1.888937728937729
1.5101831501831502
1.6117216117216118
1.7382417582417582
1.6592673992673992
1.7736996336996336
1.8236630036630035
1.4449084249084247
1.8413919413919413
1.6721611721611722
1.7019780219780218
1.6157509157509158
1.8446153846153845
1.5399999999999998
1.7358241758241757
1.601245421245421
1.6407326007326006
1.7148717948717949
2.0573626373626372
1.5061538461538462
1.8244688644688645
1.6076923076923078
1.8389743589743588
1.6915018315018315
1.6826373626373625
1.4513553113553113
1.7656410256410255
1.4634432234432233
1.726959706959707
1.7019780219780218
1.6375091575091574
1.5657875457875456
1.7648351648351648
1.6657142857142855
1.618168498168498
1.7148717948717949
1.6713553113553112
1.4997069597069594
1.7366300366300367
1.61010989010989
1.6391208791208791
1.764029304029304
1.7019780219780218
1.5295238095238095
1.7366300366300367
1.61010989010989
1.6786080586080585
1.768058608058608
1.7753113553113553
1.6431501831501831
1.6254212454212453
1.6157509157509158
1.5408058608058606
1.7914285714285714
1.6044688644688643
1.6616849816849815
1.739047619047619
1.569010989010989
1.7374358974358972
1.6979487179487178
1.5351648351648353
1.7003663003663003
1.8188278388278387
1.4134798534798534
1.7575824175824175
1.6383150183150181
1.5496703296703296
1.5875457875457875
1.6487912087912087
1.5319413919413918
1.6076923076923078
1.6778021978021977
1.3731868131868132
1.6850549450549448
1.7446886446886447
1.6528205128205127
1.7382417582417582
1.6358974358974359
1.6028571428571428
1.6318681318681318
1.6592673992673992
1.618974358974359
1.5488644688644688
1.6705494505494505
1.573040293040293
1.9074725274725273
1.6866666666666665
1.5794871794871794
1.5867399267399267
1.6697435897435897
1.6213919413919413
1.7495238095238093
1.5343589743589743
1.6334798534798534
1.73018315018315
1.6608791208791207
1.631062271062271
1.7809523809523808
1.5142124542124542
1.6915018315018315
1.6745787545787545
1.6342857142857141
1.647985347985348
1.7978754578754577
1.4819780219780219
1.7124542124542124
1.6769963369963368
1.6850549450549448
1.6544322344322344
1.793040293040293
1.581904761904762
1.6463736263736264
1.7027838827838826
1.6278388278388278
1.598021978021978
1.7914285714285714
1.5601465201465199
1.6866666666666665
1.7624175824175823
1.652014652014652
1.5593406593406594
1.6431501831501831
1.6963369963369963
1.7495238095238093
1.618974358974359
1.531135531135531
1.6439560439560439
1.9856410256410255
1.6576556776556775
1.7978754578754577
1.656043956043956
1.6906959706959706
1.7132600732600731
1.8784615384615382
1.4940659340659341
1.8309157509157508
1.515018315018315
1.7857875457875456
1.7140659340659339
1.8131868131868132
1.622197802197802
1.8333333333333333
1.2998534798534798
1.5794871794871794
1.6592673992673992
1.7326007326007327
1.5093772893772892
1.9542124542124542
1.6778021978021977
1.7237362637362637
1.7108424908424908
1.747106227106227
1.5738461538461537
1.6592673992673992
1.569010989010989
1.6842490842490843
1.656043956043956
1.9042490842490842
1.5295238095238095
1.8704029304029302
1.423956043956044
1.759194139194139
1.6721611721611722
1.9026373626373625
1.5738461538461537
1.7946520146520146
1.5045421245421244
1.8139926739926737
1.7285714285714286
1.7422710622710622
1.6931135531135528
1.8671794871794871
1.452161172161172
1.7043956043956043
1.6657142857142855
1.7197069597069596
1.5915750915750915
1.9364835164835164
1.5456410256410256
1.7938461538461536
1.6334798534798534
1.7398534798534797
1.3957509157509156
1.5488644688644688
1.498901098901099
1.751135531135531
1.6036630036630037
1.7068131868131868
1.6455677655677654
1.9034432234432233
1.581098901098901
1.8575091575091576
1.614139194139194
1.7406593406593407
1.5375824175824175
1.913113553113553
1.4207326007326007
1.9397069597069596
1.6197802197802198
1.7608058608058608
1.5673992673992674
1.8309157509157508
1.4940659340659341
1.9235897435897436
1.3876923076923076
1.6947252747252746
1.6109157509157508
2.00014652014652
1.5698168498168497
1.90989010989011
1.423150183150183
1.78014652014652
1.5802930402930402
1.7003663003663003
1.5061538461538462
1.842197802197802
1.5327472527472525
1.7728937728937728
1.5778754578754577
1.7237362637362637
1.6125274725274723
1.8526739926739926
1.0774358974358973
1.8236630036630035
1.7132600732600731
1.90989010989011
1.519047619047619
1.888131868131868
1.2845421245421245
1.7043956043956043
1.5399999999999998
1.7567765567765568
1.5351648351648353
1.85025641025641
1.722124542124542
1.7608058608058608
1.568205128205128
1.846227106227106
1.569010989010989
1.8365567765567765
1.3876923076923076
1.8325274725274725
1.623003663003663
1.7205128205128206
1.569010989010989
2.003369963369963
1.4207326007326007
1.8156043956043955
1.4884249084249084
1.7745054945054943
1.6471794871794871
1.8744322344322342
1.3747985347985345
1.888131868131868
1.5093772893772892
1.7745054945054943
1.5488644688644688
1.759194139194139
1.5512820512820513
1.8679853479853479
1.4553846153846153
1.8268864468864467
1.6004395604395603
1.8647619047619046
1.3933333333333333
2.0267399267399266
1.4674725274725273
1.7277655677655677
1.5528937728937728
1.7946520146520146
1.4578021978021978
1.9429304029304026
1.3361172161172161
1.8027106227106227
1.6399267399267399
1.9123076923076923
1.432014652014652
1.9429304029304026
1.349010989010989
1.8768498168498169
1.3482051282051282
1.8268864468864467
1.3401465201465201
1.9622710622710622
1.476336996336996
1.9308424908424906
1.5351648351648353
1.7148717948717949
1.5609523809523809
1.9268131868131866
1.4094505494505494
1.9155311355311353
1.5496703296703296
1.7954578754578754
1.3893040293040293
2.0138461538461536
1.3836630036630035
1.8575091575091576
1.436043956043956
1.8075457875457874
1.515018315018315
1.90989010989011
1.3683516483516482
1.8832967032967032
1.4247619047619047
1.7712820512820513
1.468278388278388
1.9783882783882785
1.302271062271062
1.988058608058608
1.27003663003663
1.83010989010989
1.4102564102564104
1.9123076923076923
1.307106227106227
1.9687179487179487
1.3836630036630035
1.647985347985348
1.456190476190476
1.8075457875457874
1.3473992673992672
2.000952380952381
1.3691575091575092
1.7285714285714286
1.4674725274725273
1.9679120879120877
1.4126739926739926
1.9445421245421244
1.2571428571428571
1.8671794871794871
1.7035897435897436
1.8655677655677656
1.3167765567765568
1.975164835164835
1.2498901098901096
1.8115750915750914
1.456190476190476
2.071868131868132
1.4158974358974357
1.992087912087912
1.3433699633699632
1.9687179487179487
1.4908424908424909
1.880879120879121
1.373992673992674
1.9928937728937728
1.2829304029304027
2.00014652014652
1.4908424908424909
1.884908424908425
1.5005128205128204
1.9904761904761905
1.2426373626373626
1.9904761904761905
1.3167765567765568
1.9026373626373625
1.4449084249084247
2.0654212454212453
1.3095238095238095
1.9638827838827837
1.319194139194139
1.9106959706959705
1.4449084249084247
1.9582417582417582
1.298241758241758
2.0476923076923077
1.3240293040293039
1.9332600732600733
1.4295970695970694
1.991282051282051
1.5424175824175823
2.0613919413919413
1.2297435897435898
1.975164835164835
1.581904761904762
1.9816117216117215
1.3256410256410256
2.162124542124542
1.2716483516483517
1.955018315018315
1.3836630036630035
1.9195604395604395
1.2595604395604394
2.12989010989011
1.1862271062271061
1.8744322344322342
1.4416849816849817
1.90989010989011
1.5561172161172159
2.0904029304029303
1.3038827838827838
1.9268131868131866
1.3844688644688643
1.730989010989011
1.349010989010989
2.084761904761905
1.2652014652014651
2.2161172161172162
1.4062271062271061
1.9485714285714284
1.3038827838827838
2.07992673992674
1.1523809523809523
2.0613919413919413
1.39010989010989
1.842197802197802
1.3756043956043955
1.9493772893772894
1.295018315018315
2.078315018315018
1.3135531135531135
1.955018315018315
1.4126739926739926
1.9864468864468865
1.241025641025641
2.0871794871794873
1.382051282051282
1.7970695970695971
1.3433699633699632
1.9703296703296704
1.1314285714285715
2.0750915750915753
1.3764102564102563
1.9316483516483516
1.373992673992674
2.1516483516483516
1.2313553113553113
2.1194139194139194
1.294212454212454
1.9864468864468865
1.3683516483516482
2.009010989010989
1.3602930402930402
2.1975824175824177
1.1483516483516483
1.8607326007326006
1.3723809523809523
2.0138461538461536
1.2442490842490843
2.1145787545787544
1.2716483516483517
1.9727472527472527
1.4078388278388276
2.1226373626373625
1.1886446886446886
2.2483516483516484
1.2394139194139193
2.1145787545787544
1.3675457875457875
2.0098168498168496
1.2579487179487179
2.104102564102564
1.0637362637362637
2.0976556776556774
1.3707692307692305
1.635091575091575
1.2611721611721611
2.104102564102564
1.2442490842490843
1.9445421245421244
1.3353113553113551
2.0065934065934066
1.49003663003663
2.0670329670329672
1.5408058608058606
2.07992673992674
1.3425641025641024
2.0025641025641026
1.332087912087912
2.108937728937729
1.0323076923076924
2.104102564102564
1.311135531135531
1.9654945054945054
1.266007326007326
2.121025641025641
1.1805860805860806
2.0871794871794873
1.3054945054945055
1.988058608058608
1.2353846153846153
2.112161172161172
1.228937728937729
2.062197802197802
1.2168498168498167
1.955018315018315
1.303076923076923
1.9654945054945054
1.1467399267399268
2.1935531135531137
1.2635897435897434
1.9679120879120877
1.2676190476190474
2.1508424908424906
1.1733333333333333
2.2604395604395604
1.2523076923076923
2.0605860805860807
1.2926007326007325
2.1274725274725275
1.203150183150183
2.1395604395604395
0.9009523809523808
2.108937728937729
1.2708424908424907
2.0895970695970694
1.1072527472527471
2.128278388278388
1.3127472527472528
1.9945054945054945
1.2732600732600732
2.0855677655677654
1.1451282051282052
2.0952380952380953
1.1523809523809523
2.464322344322344
1.29018315018315
2.1798534798534797
1.1628571428571428
2.3652014652014652
0.9694505494505493
2.058168498168498
1.1547985347985348
2.096043956043956
1.1419047619047618
2.2483516483516484
1.1257875457875457
2.0831501831501833
1.087106227106227
2.0557509157509157
1.1241758241758242
2.1838827838827837
0.9493040293040292
2.0025641025641026
1.3876923076923076
2.017069597069597
1.1386813186813185
2.245934065934066
1.1225641025641024
2.1846886446886447
0.8179487179487179
2.033186813186813
1.2466666666666666
2.178241758241758
1.112893772893773
2.045274725274725
1.2595604395604394
2.0734798534798533
1.1467399267399268
2.1427838827838825
1.0097435897435896
2.133113553113553
1.1225641025641024
2.1016849816849814
1.3199999999999998
2.174212454212454
1.1177289377289377
2.1476190476190475
1.1620512820512818
2.007399267399267
1.220879120879121
2.2177289377289378
1.0653479853479852
2.3039560439560436
1.2136263736263737
2.1548717948717946
1.1733333333333333
2.2983150183150185
1.0919413919413918
2.211282051282051
1.1628571428571428
2.075897435897436
1.2095970695970697
2.237875457875458
1.0572893772893772
2.07992673992674
1.2466666666666666
2.116996336996337
1.1225641025641024
2.1927472527472527
1.0210256410256409
2.1838827838827837
1.1902564102564102
2.1234432234432234
1.3788278388278385
2.0364102564102566
1.0516483516483517
2.2701098901098904
1.2007326007326007
2.1145787545787544
1.1830036630036629
2.258827838827839
1.0323076923076924
2.19032967032967
1.0427838827838827
2.035604395604395
1.1886446886446886
2.2128937728937728
1.1419047619047618
2.121831501831502
1.1894505494505494
2.136336996336996
1.3175824175824176
2.3104029304029305
0.9613919413919413
2.2
1.191062271062271
2.0283516483516486
1.1797802197802196
2.2523809523809524
1.1580219780219778
2.245934065934066
1.0242490842490843
2.0952380952380953
1.2853479853479854
2.178241758241758
1.0524542124542124
2.1597069597069596
1.1531868131868133
2.166153846153846
1.19992673992674
2.2846153846153845
1.0057142857142856
2.6617582417582417
1.1080586080586081
2.2765567765567765
1.1491575091575092
2.320879120879121
0.9815384615384615
2.265274725274725
1.1547985347985348
2.137948717948718
1.1757509157509156
2.3337728937728937
1.0476190476190477
2.2862271062271065
1.0975824175824174
1.9703296703296704
1.1435164835164835
2.2797802197802195
0.9928205128205128
2.2701098901098904
1.1983150183150182
2.1830769230769227
1.2974358974358975
2.1097435897435894
1.0137728937728936
2.0589743589743588
1.0919413919413918
2.1717948717948716
1.2265201465201463
2.22981684981685
1.0927472527472528
2.347472527472527
1.07018315018315
2.146007326007326
1.1435164835164835
2.3087912087912086
1.0274725274725274
2.258827838827839
1.0355311355311356
2.1613186813186815
1.066153846153846
2.277362637362637
1.0057142857142856
2.3458608058608057
1.070989010989011
2.071868131868132
1.1684981684981686
2.4054945054945054
0.9718681318681318
2.324908424908425
1.2394139194139193
2.1758241758241756
1.0605128205128205
2.2797802197802195
0.9742857142857142
2.4232234432234434
1.0903296703296703
2.194358974358974
1.0387545787545787
2.2523809523809524
0.8469597069597069
2.3281318681318677
1.058901098901099
2.1637362637362636
1.066153846153846
2.312820512820513
1.079047619047619
2.3257142857142856
1.091135531135531
2.2161172161172162
1.1668864468864468
2.2846153846153845
0.942051282051282
2.2781684981684984
0.9904029304029304
2.242710622710623
1.0347252747252746
2.2241758241758243
0.8969230769230768
2.316849816849817
1.2297435897435898
2.2701098901098904
1.0057142857142856
2.3635897435897437
0.9468864468864469
2.316849816849817
0.9178754578754579
2.1468131868131866
1.2547252747252746
2.258021978021978
0.8566300366300366
2.374871794871795
1.037948717948718
2.2362637362637363
1.095164835164835
2.2975091575091575
0.967032967032967
2.2975091575091575
1.0105494505494506
2.238681318681319
1.0298901098901099
2.258021978021978
0.9065934065934066
2.3587545787545787
1.0024908424908425
2.3144322344322346
1.0846886446886448
2.312820512820513
0.9098168498168497
2.3603663003663002
0.9831501831501831
2.299120879120879
1.1596336996336996
2.211282051282051
0.9106227106227106
2.5086446886446887
0.9895970695970695
2.3047619047619046
1.0677655677655677
2.2717216117216115
0.6261538461538462
2.3732600732600733
0.9750915750915751
2.323296703296703
1.1282051282051282
2.262857142857143
0.9162637362637363
2.4264468864468864
0.8896703296703297
2.2636630036630034
1.0532600732600732
2.349084249084249
0.7849084249084248
2.3619780219780218
0.9146520146520146
2.211282051282051
0.9887912087912087
2.3708424908424908
1.0065201465201465
2.4054945054945054
0.9501098901098901
2.2958974358974356
0.925128205128205
2.2483516483516484
0.9283516483516483
2.4232234432234434
0.8953113553113552
2.4127472527472524
1.1580219780219778
2.2878388278388275
0.8614652014652014
2.444175824175824
0.9565567765567765
2.2475457875457874
1.0032967032967033
2.352307692307692
0.921098901098901
2.4909157509157507
0.9484981684981685
2.242710622710623
0.7889377289377288
2.335384615384615
0.942051282051282
2.566666666666667
0.8534065934065934
2.2644688644688644
