3.3
0.0
3.1912087912087914
0.38278388278388276
3.3
0.0
3.2452014652014647
0.0854212454212454
3.3
0.0
3.3
0.2336996336996337
3.3
0.04835164835164835
3.2210256410256406
0.05479853479853479
3.3
0.0
3.3
0.09992673992673992
3.2838827838827838
0.21194139194139194
3.3
0.18373626373626373
3.296776556776557
0.0
3.216190476190476
0.10637362637362636
3.228278388278388
0.0
3.3
0.0
3.2226373626373626
0.0
3.3
0.05802197802197802
3.212161172161172
0.016923076923076923
3.3
0.0
3.1847619047619045
0.09267399267399268
3.3
0.0
3.2210256410256406
0.17406593406593404
3.3
0.0
2.8906227106227105
0.06285714285714285
3.3
0.13054945054945055
3.3
0.1378021978021978
3.2677655677655677
0.0
3.3
0.11120879120879121
3.2790476190476188
0.0
3.3
0.04996336996336996
3.2427838827838826
0.09831501831501831
3.3
0.03304029304029304
3.071135531135531
0.040293040293040296
3.3
0.09992673992673992
3.1219047619047617
0.08703296703296702
3.3
0.0
3.2476190476190476
0.24417582417582417
3.3
0.0
3.3
0.10717948717948718
3.254065934065934
0.0
3.3
0.11684981684981685
3.3
0.0
3.3
0.07575091575091575
3.3
0.049157509157509154
3.3
0.04996336996336996
3.2153846153846155
0.0
3.3
0.1087912087912088
3.0759706959706956
0.03465201465201465
3.3
0.0
3.296776556776557
0.20227106227106226
3.3
0.0
3.3
0.14263736263736265
3.3
0.0
3.3
0.0684981684981685
3.2838827838827838
0.0
3.3
0.136996336996337
3.3
0.0
3.3
0.08219780219780219
3.2669597069597067
0.0
3.3
0.15875457875457874
3.248424908424908
0.027399267399267395
3.27018315018315
0.04996336996336996
3.2306959706959706
0.06205128205128205
3.3
0.0
2.948644688644688
0.06688644688644688
3.3
0.0
3.2774358974358972
0.13296703296703297
3.3
0.0
3.2935531135531133
0.08058608058608059
3.3
0.22725274725274722
3.3
0.0
3.258095238095238
0.0
3.3
0.051575091575091575
3.2387545787545786
0.0
3.3
0.0
3.2129670329670326
0.19018315018315018
3.3
0.17326007326007326
3.041318681318681
0.06769230769230769
3.3
0.0008058608058608059
3.3
0.0
3.3
0.0
3.2178021978021976
0.11684981684981685
3.3
0.0
3.3
0.20871794871794871
3.2774358974358972
0.09750915750915749
3.3
0.1547252747252747
3.202490842490842
0.0
3.03003663003663
0.10073260073260074
3.3
0.12652014652014654
3.3
0.01611721611721612
3.2290842490842486
0.08703296703296702
3.3
0.0
3.0969230769230767
0.12490842490842491
3.3
0.0
3.224249084249084
0.3481318681318681
3.3
0.07655677655677656
3.3
0.16278388278388276
3.3
0.0
3.3
0.0709157509157509
3.2452014652014647
0.0
3.3
0.0967032967032967
3.174285714285714
0.0
3.3
0.05802197802197802
3.079194139194139
0.4577289377289377
3.3
0.0
3.2258608058608056
0.055604395604395604
3.2452014652014647
0.0
3.3
0.03304029304029304
3.3
0.0
3.2290842490842486
0.0
3.2838827838827838
0.0
3.1049816849816847
0.11282051282051282
3.3
0.0
3.3
0.16197802197802197
3.2774358974358972
0.02901098901098901
3.3
0.12168498168498168
3.2766300366300363
0.0
3.3
0.12168498168498168
3.2548717948717947
0.0
3.3
0.024175824175824177
3.236336996336996
0.03545787545787545
3.3
0.009670329670329669
3.25003663003663
0.13619047619047617
3.3
0.0
3.216190476190476
0.05802197802197802
3.3
0.0
3.274212454212454
0.08300366300366299
3.3
0.0
3.2476190476190476
0.11604395604395604
3.299194139194139
0.0
3.3
0.0709157509157509
3.2290842490842486
0.0
3.296776556776557
0.12249084249084248
3.1444688644688643
0.0032234432234432234
3.3
0.0
3.0864468864468866
0.0
3.3
0.01531135531135531
3.237948717948718
0.12893772893772895
3.3
0.0
3.2194139194139195
0.0838095238095238
3.3
0.017728937728937726
3.2452014652014647
0.07575091575091575
3.3
0.0
3.2822710622710622
0.4859340659340659
3.3
0.09025641025641025
3.3
0.0838095238095238
3.232307692307692
0.0
3.3
0.1345787545787546
3.206520146520146
0.0
3.3
0.004835164835164834
3.2057142857142855
0.14586080586080585
3.3
0.0709157509157509
3.2258608058608056
0.0
3.3
0.03223443223443224
3.2427838827838826
0.07897435897435896
3.3
0.0
3.167838827838828
0.09106227106227106
3.2629304029304027
0.07897435897435896
3.2435897435897436
0.1805128205128205
3.3
0.2578754578754579
3.3
0.011282051282051281
3.3
0.0
3.3
0.15633699633699633
3.1613919413919414
0.0
3.3
0.273992673992674
3.2274725274725276
0.0
3.3
0.1241025641025641
3.0646886446886445
0.014505494505494505
3.3
0.13054945054945055
3.258095238095238
0.0
3.3
0.051575091575091575
3.3
0.04996336996336996
3.3
0.0
3.2629304029304027
0.0032234432234432234
3.3
0.0032234432234432234
3.2532600732600727
0.2651282051282051
3.3
0.0
3.3
0.24739926739926738
3.2798534798534797
0.0
3.3
0.2482051282051282
3.1331868131868132
0.12007326007326007
3.3
0.1418315018315018
3.21054945054945
0.0
3.296776556776557
0.1708424908424908
3.2355311355311356
0.0
3.3
0.08703296703296702
3.2452014652014647
0.0
3.3
0.06446886446886448
3.2516483516483516
0.012893772893772894
3.3
0.09509157509157509
3.1178754578754577
0.08864468864468865
3.3
0.0
3.0517948717948715
0.11523809523809524
3.3
0.0
3.2113553113553115
0.025787545787545788
3.287106227106227
0.0
3.2903296703296703
0.0838095238095238
3.3
0.0
3.3
0.0
3.2516483516483516
0.0
3.2863003663003663
0.11604395604395604
3.2645421245421242
0.0
3.3
0.17326007326007326
3.2806593406593403
0.0
3.3
0.07736263736263735
3.1775091575091574
0.051575091575091575
3.3
0.045128205128205125
3.196043956043956
0.09186813186813186
3.3
0.06205128205128205
3.1968498168498165
0.0
3.3
0.2683516483516483
3.2113553113553115
0.11765567765567765
3.3
0.055604395604395604
3.241978021978022
0.1684249084249084
3.3
0.0
3.3
0.0967032967032967
3.3
0.0
3.3
0.14989010989010987
3.2371428571428567
0.0
3.3
0.027399267399267395
3.128351648351648
0.007252747252747252
3.3
0.10637362637362636
3.0969230769230767
0.0
3.3
0.19501831501831499
3.183150183150183
0.10153846153846152
3.3
0.038681318681318674
3.2145787545787545
0.12087912087912088
3.3
0.0
3.2347252747252746
0.1386080586080586
3.3
0.0
3.2032967032967035
0.15553113553113554
3.3
0.0
3.3
0.1772893772893773
3.3
0.03062271062271062
3.3
0.12732600732600732
3.2709890109890107
0.0
3.3
0.12893772893772895
3.1936263736263735
0.10395604395604395
3.1613919413919414
0.0
3.2258608058608056
0.16600732600732598
3.3
0.044322344322344324
3.0808058608058606
0.08864468864468865
3.3
0.0838095238095238
3.182344322344322
0.19260073260073257
3.3
0.04996336996336996
3.3
0.0709157509157509
3.3
0.0
3.3
0.14747252747252745
3.2129670329670326
0.0
3.3
0.14505494505494507
3.183150183150183
0.008864468864468863
3.3
0.11926739926739927
3.3
0.11846153846153845
3.2387545787545786
0.022564102564102562
3.20007326007326
0.2216117216117216
3.3
0.004835164835164834
3.0936996336996336
0.14827838827838827
3.206520146520146
0.0
3.3
0.20307692307692304
3.2057142857142855
0.0016117216117216117
3.3
0.27802197802197803
3.1968498168498165
0.03706959706959707
3.3
0.14666666666666667
3.186373626373626
0.041098901098901096
3.3
0.045128205128205125
3.1565567765567764
0.11604395604395604
3.3
0.0
3.2097435897435895
0.18937728937728937
3.2153846153846155
0.03304029304029304
3.2766300366300363
0.0
3.2057142857142855
0.0
3.3
0.0967032967032967
3.1605860805860804
0.21032967032967032
3.3
0.06446886446886448
3.2129670329670326
0.37875457875457874
3.3
0.0
3.011501831501831
0.1281318681318681
3.3
0.0
3.20007326007326
0.07494505494505493
3.206520146520146
0.07252747252747253
3.2339194139194136
0.17809523809523808
3.083223443223443
0.029816849816849816
3.3
0.0
3.1936263736263735
0.1402197802197802
3.2726007326007323
0.15230769230769228
3.1525274725274723
0.2063003663003663
3.0808058608058606
0.041098901098901096
3.183956043956044
0.12168498168498168
3.3
0.0
3.1952380952380954
0.03223443223443224
3.2734065934065932
0.012893772893772894
3.269377289377289
0.1805128205128205
3.2452014652014647
0.0
3.2548717948717947
0.13135531135531134
3.1356043956043953
0.0
3.3
0.1547252747252747
3.2669597069597067
0.002417582417582417
3.2306959706959706
0.11765567765567765
3.1412454212454213
0.13296703296703297
3.3
0.1345787545787546
3.1646153846153844
0.12893772893772895
3.3
0.0
3.1098168498168497
0.3078388278388278
3.274212454212454
0.13538461538461538
3.258095238095238
0.2216117216117216
3.1807326007326004
0.0
3.3
0.21677655677655677
3.150915750915751
0.23853479853479853
3.2822710622710622
0.19824175824175824
3.1412454212454213
0.1394139194139194
3.3
0.10798534798534798
3.1565567765567764
0.13377289377289375
3.3
0.0419047619047619
3.1275457875457873
0.08058608058608059
3.2822710622710622
0.0
3.1307692307692307
0.17648351648351646
3.1057875457875457
0.0
3.171062271062271
0.15714285714285714
3.2049084249084245
0.15553113553113554
3.3
0.20227106227106226
3.2516483516483516
0.027399267399267395
3.1807326007326004
0.13538461538461538
3.1613919413919414
0.07897435897435896
3.3
0.0
3.179120879120879
0.0
3.3
0.0701098901098901
3.3
0.12974358974358974
3.3
0.06205128205128205
3.133992673992674
0.12974358974358974
3.269377289377289
0.14586080586080585
3.166227106227106
0.18534798534798536
3.1855677655677654
0.03062271062271062
3.167838827838828
0.2917216117216117
3.2194139194139195
0.0
3.1726739926739924
0.22967032967032966
3.1098168498168497
0.0
3.2226373626373626
0.2619047619047619
3.1219047619047617
0.12893772893772895
3.3
0.11282051282051282
3.1476923076923073
0.06366300366300366
3.3
0.06124542124542124
3.055018315018315
0.13135531135531134
3.3
0.02095238095238095
3.1694505494505494
0.22967032967032966
3.2677655677655677
0.10476190476190476
3.248424908424908
0.20065934065934063
3.27018315018315
0.0
3.182344322344322
0.2514285714285714
3.187179487179487
0.08300366300366299
3.2371428571428567
0.35135531135531134
2.9438095238095237
0.0684981684981685
3.2685714285714282
0.15956043956043955
3.1291575091575092
0.0
3.296776556776557
0.03706959706959707
2.999413919413919
0.07736263736263735
3.2709890109890107
0.08783882783882783
3.1017582417582417
0.21435897435897436
3.2637362637362637
0.0427106227106227
3.2452014652014647
0.13054945054945055
3.0517948717948715
0.09186813186813186
3.1565567765567764
0.21677655677655677
3.1452747252747253
0.045128205128205125
3.2806593406593403
0.008864468864468863
3.133992673992674
0.16117216117216118
3.3
0.2175824175824176
3.077582417582417
0.1652014652014652
3.2645421245421242
0.031428571428571424
3.005860805860806
0.1402197802197802
3.3
0.14827838827838827
3.1847619047619045
0.17003663003663003
3.1613919413919414
0.0684981684981685
3.1372161172161173
0.25465201465201465
3.0961172161172157
0.04996336996336996
3.2097435897435895
0.2111355311355311
3.2355311355311356
0.10315018315018315
3.1452747252747253
0.19582417582417583
3.1992673992673994
0.09831501831501831
3.274212454212454
0.19663003663003661
3.0969230769230767
0.0
3.2677655677655677
0.23208791208791207
3.1049816849816847
0.1813186813186813
3.3
0.08058608058608059
3.061465201465201
0.0
3.232307692307692
0.0
3.174285714285714
0.29655677655677654
3.174285714285714
0.06527472527472528
3.1307692307692307
0.2788278388278388
3.1065934065934067
0.06688644688644688
3.202490842490842
0.3013919413919414
3.1227106227106227
0.17567765567765567
3.2709890109890107
0.20307692307692304
2.855164835164835
0.16923076923076924
3.26051282051282
0.1257142857142857
3.0437362637362635
0.18373626373626373
3.2935531135531133
0.049157509157509154
3.0985347985347986
0.25465201465201465
3.138021978021978
0.022564102564102562
3.128351648351648
0.08058608058608059
3.171062271062271
0.0
3.2194139194139195
0.3537728937728937
3.054212454212454
0.08783882783882783
3.3
0.1829304029304029
3.154139194139194
0.2336996336996337
3.2435897435897436
0.04835164835164835
3.0163369963369964
0.23934065934065932
3.1775091575091574
0.1547252747252747
3.1162637362637358
0.1652014652014652
3.2049084249084245
0.136996336996337
3.0663003663003665
0.2336996336996337
3.198461538461538
0.1345787545787546
3.017948717948718
0.2328937728937729
3.1928205128205125
0.08058608058608059
3.17992673992674
0.1087912087912088
3.1122344322344317
0.10476190476190476
3.241978021978022
0.25465201465201465
3.029230769230769
0.10315018315018315
3.0888644688644686
0.17890109890109887
3.0437362637362635
0.47223443223443223
3.206520146520146
0.0
3.0824175824175826
0.2893040293040293
3.3
0.11765567765567765
2.954285714285714
0.44
3.111428571428571
0.1402197802197802
3.142051282051282
0.29736263736263735
3.0727472527472526
0.051575091575091575
3.27018315018315
0.2731868131868132
2.9550915750915747
0.03626373626373627
3.0517948717948715
0.3416849816849816
3.057435897435897
0.2925274725274725
3.1001465201465197
0.10315018315018315
3.058241758241758
0.18534798534798536
2.948644688644688
0.1805128205128205
3.021172161172161
0.19824175824175824
3.2613186813186807
0.0
3.3
0.2175824175824176
2.938168498168498
0.13377289377289375
3.077582417582417
0.24981684981684982
3.103369963369963
0.24498168498168496
3.2129670329670326
0.29736263736263735
3.1154578754578752
0.09025641025641025
3.3
0.19260073260073257
3.038095238095238
0.1378021978021978
3.2258608058608056
0.2111355311355311
3.0598534798534796
0.24014652014652013
3.2927472527472528
0.16439560439560438
3.2371428571428567
0.11926739926739927
3.1646153846153844
0.18857142857142856
3.005860805860806
0.5632967032967032
3.2113553113553115
0.0
3.1767032967032964
0.27076923076923076
3.0920879120879117
0.06205128205128205
3.167032967032967
0.273992673992674
3.1025641025641026
0.0
3.1726739926739924
0.2635164835164835
3.2194139194139195
0.2175824175824176
3.2339194139194136
0.26673992673992675
3.0904761904761906
0.012893772893772894
3.2016849816849815
0.15875457875457874
3.0227838827838824
0.3038095238095238
3.1968498168498165
0.1232967032967033
3.2145787545787545
0.22644688644688643
3.17025641025641
0.0701098901098901
3.061465201465201
0.0
3.103369963369963
0.2675457875457875
3.146886446886447
0.3094505494505494
3.1613919413919414
0.12893772893772895
3.2355311355311356
0.3328205128205128
3.0082783882783883
0.1668131868131868
3.1726739926739924
0.29333333333333333
2.8495238095238093
0.23611721611721612
3.187179487179487
0.18615384615384614
2.9865201465201463
0.29333333333333333
3.2315018315018316
0.09509157509157509
2.9736263736263737
0.25868131868131866
3.2927472527472528
0.17164835164835165
3.2145787545787545
0.34410256410256407
3.167032967032967
0.19824175824175824
3.0759706959706956
0.0
3.061465201465201
0.2079120879120879
3.029230769230769
0.33926739926739924
3.0517948717948715
0.1257142857142857
3.121098901098901
0.08219780219780219
2.984102564102564
0.20146520146520147
3.3
0.1805128205128205
3.1186813186813187
0.29010989010989013
3.1452747252747253
0.17648351648351646
2.988937728937729
0.41340659340659336
3.133992673992674
0.27238095238095233
3.0888644688644686
0.2893040293040293
3.0517948717948715
0.14908424908424908
3.142051282051282
0.40695970695970696
3.071135531135531
0.08945054945054944
3.1291575091575092
0.5358974358974359
3.050989010989011
0.22725274725274722
3.1654212454212454
0.2836630036630036
3.009084249084249
0.18776556776556777
3.154945054945055
0.2683516483516483
2.987326007326007
0.27802197802197803
3.163809523809524
0.12168498168498168
2.9147985347985346
0.34410256410256407
3.021172161172161
0.20952380952380953
2.8906227106227105
0.37956043956043956
3.038901098901099
0.09992673992673992
3.1186813186813187
0.3505494505494505
2.9768498168498168
0.16036630036630034
3.0082783882783883
0.3344322344322344
3.00989010989011
0.36989010989010984
3.146886446886447
0.21435897435897436
2.9389743589743587
0.22241758241758242
3.1807326007326004
0.20468864468864467
2.805201465201465
0.3199267399267399
3.1162637362637358
0.17164835164835165
3.0066666666666664
0.2772161172161172
3.005054945054945
0.04673992673992673
3.1162637362637358
0.3602197802197802
2.605347985347985
0.0
2.9615384615384617
0.4126007326007326
2.9768498168498168
0.24578754578754577
3.1146520146520147
0.3594139194139194
2.826153846153846
0.26673992673992675
3.0888644688644686
0.27238095238095233
2.937362637362637
0.3924542124542124
3.1517216117216114
0.303003663003663
3.0195604395604394
0.3312087912087912
3.05018315018315
0.20146520146520147
3.0679120879120876
0.3384615384615385
3.038095238095238
0.30622710622710625
3.0759706959706956
0.35216117216117215
2.9631501831501827
0.1676190476190476
3.208131868131868
0.3747252747252747
2.9276923076923076
0.22805860805860806
3.20007326007326
0.2643223443223443
2.94058608058608
0.435970695970696
3.182344322344322
0.2079120879120879
2.9679853479853477
0.3457142857142857
3.061465201465201
0.13054945054945055
2.932527472527472
0.298974358974359
3.103369963369963
0.16439560439560438
3.038901098901099
0.42468864468864465
3.2186080586080585
0.20388278388278389
3.15010989010989
0.2893040293040293
2.9534798534798536
0.1652014652014652
3.1082051282051277
0.09025641025641025
3.0227838827838824
0.25062271062271063
3.05018315018315
0.3215384615384615
2.962344322344322
0.2232234432234432
3.1090109890109887
0.0427106227106227
2.913186813186813
0.21516483516483514
3.182344322344322
0.30622710622710625
3.0356776556776555
0.39567765567765567
3.0066666666666664
0.2353113553113553
3.0840293040293036
0.4472527472527473
2.996996336996337
0.303003663003663
3.038901098901099
0.40695970695970696
2.979267399267399
0.1547252747252747
3.1098168498168497
0.4810989010989011
2.9357509157509156
0.06366300366300366
3.1001465201465197
0.31267399267399265
2.9309157509157506
0.30622710622710625
2.9921611721611723
0.29978021978021974
2.9470329670329667
0.36344322344322344
3.0445421245421245
0.2530402930402931
2.9309157509157506
0.46417582417582415
2.983296703296703
0.298974358974359
3.0743589743589745
0.41904761904761906
3.063076923076923
0.3424908424908425
2.9567032967032962
0.44805860805860803
2.913992673992674
0.21032967032967032
3.049377289377289
0.38520146520146514
2.803589743589743
0.35216117216117215
3.0824175824175826
0.24417582417582417
2.9760439560439558
0.3771428571428571
3.0969230769230767
0.4238827838827839
3.013113553113553
0.4295238095238095
3.0743589743589745
0.3094505494505494
3.063076923076923
0.33201465201465197
3.0364835164835164
0.17003663003663003
3.0437362637362635
0.23934065934065932
3.0824175824175826
0.2876923076923077
2.98007326007326
0.40534798534798533
2.905128205128205
0.5117216117216117
3.0904761904761906
0.3312087912087912
2.908351648351648
0.5012454212454213
3.0437362637362635
0.3618315018315018
2.912380952380952
0.36424908424908425
3.128351648351648
0.2868864468864469
2.8712820512820514
0.5584615384615385
3.0042490842490843
0.29010989010989013
3.077582417582417
0.46014652014652013
2.929304029304029
0.298974358974359
3.0936996336996336
0.4819047619047619
2.8736996336996334
0.25545787545787546
3.021172161172161
0.42549450549450546
2.741538461538461
0.31670329670329667
3.087252747252747
0.361025641025641
2.993772893772894
0.3457142857142857
3.011501831501831
0.2208058608058608
2.9550915750915747
0.5246153846153846
3.038095238095238
0.2925274725274725
2.9357509157509156
0.4553113553113553
2.9607326007326003
0.12732600732600732
2.9357509157509156
0.498021978021978
2.8326007326007328
0.2876923076923077
3.124322344322344
0.41340659340659336
2.9268864468864466
0.365054945054945
3.034065934065934
0.33604395604395604
2.843882783882784
0.46659340659340653
3.061465201465201
0.2562637362637362
3.055018315018315
0.4746520146520146
3.0904761904761906
0.2578754578754579
2.7423443223443225
0.49076923076923074
2.9397802197802196
0.23934065934065932
2.9655677655677657
0.5004395604395604
3.0517948717948715
0.3424908424908425
3.075164835164835
0.5004395604395604
2.864835164835165
0.2868864468864469
3.0155311355311354
0.16923076923076924
2.7778021978021976
0.5004395604395604
3.026007326007326
0.3352380952380952
2.8293772893772893
0.4424175824175824
2.983296703296703
0.21032967032967032
2.874505494505494
0.3191208791208791
2.983296703296703
0.2868864468864469
2.8197069597069593
0.49399267399267394
2.905128205128205
0.40776556776556777
2.937362637362637
0.5165567765567765
2.851941391941392
0.20227106227106226
3.042124542124542
0.49399267399267394
2.9736263736263737
0.3706959706959707
2.991355311355311
0.5874725274725274
2.685934065934066
0.369084249084249
3.0002197802197803
0.36747252747252745
2.8277655677655673
0.34007326007326005
2.9607326007326003
0.3497435897435897
2.942197802197802
0.4698168498168498
2.7165567765567764
0.1668131868131868
2.9309157509157506
0.48271062271062265
2.884175824175824
0.38278388278388276
2.958315018315018
0.48835164835164835
2.8414652014652013
0.40534798534798533
2.9744322344322343
0.43355311355311354
2.8100366300366297
0.22805860805860806
3.0066666666666664
0.3594139194139194
2.7939194139194137
0.49157509157509155
2.9857142857142858
0.39728937728937724
2.7649084249084246
0.4553113553113553
2.9228571428571426
0.47626373626373625
2.9059340659340656
0.5987545787545788
2.880952380952381
0.33201465201465197
2.51025641025641
0.4287179487179487
2.767326007326007
0.3658608058608058
2.9470329670329667
0.3344322344322344
2.803589743589743
0.36827838827838827
3.00989010989011
0.44
2.8833699633699634
0.49479853479853475
2.855164835164835
0.7808791208791208
2.795531135531135
0.5729670329670329
2.926080586080586
0.33926739926739924
2.8180952380952378
0.539120879120879
2.8833699633699634
0.47545787545787543
2.918021978021978
0.597948717948718
2.864835164835165
0.2345054945054945
2.921245421245421
0.36666666666666664
2.8027838827838827
0.39728937728937724
2.9744322344322343
0.5874725274725274
2.741538461538461
0.37956043956043956
2.9591208791208787
0.4504761904761904
2.7826373626373626
0.49157509157509155
3.121098901098901
0.3747252747252747
2.7608791208791206
0.5407326007326007
2.9099633699633696
0.3312087912087912
2.842271062271062
0.4714285714285714
2.8116483516483513
0.49399267399267394
2.934139194139194
0.5632967032967032
2.826153846153846
0.3183150183150183
2.94058608058608
0.6986813186813187
2.751208791208791
0.32798534798534795
2.9607326007326003
0.5068864468864468
2.743956043956044
0.5012454212454213
3.0477655677655675
0.4142124542124542
2.826153846153846
0.5326739926739926
2.912380952380952
0.05802197802197802
2.8454945054945053
0.4859340659340659
2.772161172161172
0.4238827838827839
2.864835164835165
0.5987545787545788
2.6577289377289377
0.3416849816849816
2.90029304029304
0.535091575091575
2.7826373626373626
0.597948717948718
2.87047619047619
0.4859340659340659
2.7487912087912085
0.5254212454212454
2.842271062271062
0.4383882783882783
2.741538461538461
0.6108424908424909
2.909157509157509
0.46014652014652013
2.843882783882784
0.5939194139194139
2.764102564102564
0.4561172161172161
2.7084981684981684
0.4585347985347985
2.7745787545787546
0.43355311355311354
2.9196336996336996
0.5093040293040293
2.751208791208791
0.5084981684981684
2.9357509157509156
