0.013699633699633697
2.942197802197802
1.1
1.1451282051282052
2.9639560439560437
0.0
2.9808791208791208
1.1032234432234431
0.9339926739926739
2.942197802197802
0.10637362637362636
2.9961904761904763
1.2555311355311354
1.0605128205128205
3.058241758241758
0.0
2.8857875457875455
1.232161172161172
1.1886446886446886
3.099340659340659
0.037875457875457874
2.9647619047619047
1.2063736263736262
1.266007326007326
3.042124542124542
0.15633699633699633
3.062271062271062
1.0572893772893772
1.2563369963369964
2.98007326007326
0.0
3.095311355311355
1.1
1.1886446886446886
3.1162637362637358
0.0
2.983296703296703
1.1725274725274726
0.9694505494505493
3.029230769230769
0.0
2.866446886446886
1.2498901098901096
1.0065201465201465
2.9470329670329667
0.1386080586080586
3.009084249084249
1.207985347985348
1.1797802197802196
3.1162637362637358
0.1345787545787546
2.916410256410256
1.046007326007326
1.3038827838827838
2.932527472527472
0.0
3.111428571428571
1.0572893772893772
1.278095238095238
3.0364835164835164
0.0
3.1613919413919414
1.1709157509157508
1.344981684981685
3.045347985347985
0.0
2.984102564102564
1.2063736263736262
1.3135531135531135
2.9663736263736262
0.09106227106227106
2.9156043956043955
1.1491575091575092
1.4263736263736264
2.8986813186813185
0.39406593406593404
3.005860805860806
1.095970695970696
1.3006593406593405
2.944615384615384
0.002417582417582417
3.1146520146520147
1.0685714285714285
1.2998534798534798
2.9865201465201463
0.0
2.9615384615384617
1.062124542124542
1.0097435897435896
2.987326007326007
0.0
2.8148717948717947
1.1838095238095239
1.1273992673992674
3.0646886446886445
0.09509157509157509
2.848717948717949
1.1572161172161173
1.1660805860805858
2.94058608058608
0.11765567765567765
3.0147252747252744
1.1241758241758242
1.245054945054945
2.922051282051282
0.19824175824175824
3.1162637362637358
1.0315018315018316
1.2555311355311354
3.0026373626373624
0.0
3.2258608058608056
1.058095238095238
1.1515750915750915
2.9704029304029302
0.0
3.075164835164835
1.1709157509157508
1.1088644688644689
2.9728205128205127
0.15553113553113554
2.98974358974359
1.1112820512820512
1.3723809523809523
2.987326007326007
0.0
2.987326007326007
1.058095238095238
1.295018315018315
2.8027838827838827
0.0
3.038095238095238
0.9968498168498168
1.3006593406593405
2.858388278388278
0.0
3.174285714285714
0.9976556776556775
1.0774358974358973
2.98007326007326
0.00402930402930403
3.1928205128205125
1.1233699633699634
1.1483516483516483
2.928498168498168
0.012087912087912088
3.154139194139194
1.195091575091575
1.2813186813186814
2.884175824175824
0.002417582417582417
3.001831501831502
0.996043956043956
1.2635897435897434
2.9188278388278386
0.00402930402930403
3.1452747252747253
0.9952380952380953
1.3627106227106225
2.9389743589743587
0.0
3.1227106227106227
1.0919413919413918
1.0266666666666666
3.005860805860806
0.0
3.174285714285714
1.129010989010989
1.1878388278388279
3.045347985347985
0.09831501831501831
3.0679120879120876
1.120952380952381
1.1620512820512818
2.874505494505494
0.07172161172161172
3.0324542124542124
0.9742857142857142
1.3280586080586079
2.958315018315018
0.08783882783882783
3.077582417582417
0.9468864468864469
1.2716483516483517
2.925274725274725
0.0
3.132380952380952
1.0387545787545787
1.083076923076923
3.0316483516483514
0.0
3.2387545787545786
1.1193406593406594
1.2442490842490843
2.971208791208791
0.08783882783882783
2.7979487179487177
1.1338461538461537
1.357875457875458
2.804395604395604
0.11362637362637361
3.0082783882783883
0.963003663003663
1.1459340659340658
2.88014652014652
0.03304029304029304
3.248424908424908
0.9331868131868131
1.4513553113553113
2.844688644688645
0.0693040293040293
3.1968498168498165
1.0137728937728936
1.0975824175824174
2.918021978021978
0.0
2.842271062271062
1.0895238095238093
0.7373626373626374
2.9607326007326003
0.0427106227106227
3.013113553113553
1.0758241758241758
1.4030036630036629
2.7939194139194137
0.08300366300366299
3.237948717948718
0.9428571428571428
1.3312820512820511
2.9736263736263737
0.09428571428571428
3.3
0.892087912087912
1.3788278388278385
2.9550915750915747
0.0
3.1936263736263735
0.9702564102564102
1.3957509157509156
2.9728205128205127
0.0
3.0767765567765566
1.0919413919413918
1.2716483516483517
2.8003663003663
0.0
3.232307692307692
0.9944322344322344
1.2724542124542124
2.8454945054945053
0.06688644688644688
3.1235164835164833
0.9154578754578754
1.5126007326007325
2.9027106227106225
0.0
3.2194139194139195
0.8687179487179486
1.3683516483516482
2.926080586080586
0.13538461538461538
3.2049084249084245
0.9573626373626373
1.2007326007326007
2.926080586080586
0.0
3.0147252747252744
1.079047619047619
1.3119413919413918
2.9147985347985346
0.004835164835164834
2.9961904761904763
1.1161172161172161
1.361904761904762
2.7463736263736265
0.029816849816849816
3.1613919413919414
0.9025641025641026
1.5480586080586078
2.8148717948717947
0.0
3.192014652014652
0.8743589743589744
1.4046153846153846
2.913186813186813
0.0
3.206520146520146
0.9863736263736264
1.3167765567765568
2.9357509157509156
0.0
3.071135531135531
1.078241758241758
1.3925274725274723
2.847106227106227
0.0
3.132380952380952
1.0726007326007327
1.435238095238095
2.803589743589743
0.021758241758241755
3.1654212454212454
0.8663003663003663
1.456190476190476
2.848717948717949
0.038681318681318674
3.1082051282051277
0.7937728937728937
1.4030036630036629
2.854358974358974
0.10959706959706958
3.2129670329670326
0.9476923076923076
1.2789010989010987
2.8986813186813185
0.14424908424908423
3.0606593406593405
1.0468131868131867
1.4207326007326007
2.7745787545787546
0.07413919413919413
3.128351648351648
0.9992673992673993
1.419120879120879
2.783443223443223
0.0
3.0348717948717945
0.9501098901098901
1.44007326007326
2.8777289377289375
0.0
3.206520146520146
0.8961172161172161
1.3965567765567766
2.88014652014652
0.0
3.15010989010989
1.037142857142857
1.3369230769230769
2.929304029304029
0.024175824175824177
2.922051282051282
0.9823443223443223
1.241025641025641
2.7487912087912085
0.16278388278388276
2.992967032967033
0.8066666666666666
1.5536996336996336
2.7004395604395603
0.24739926739926738
3.2153846153846155
0.8509890109890109
1.5665934065934066
2.8019780219780217
0.10315018315018315
3.1936263736263735
0.8711355311355311
1.7809523809523808
2.847912087912088
0.0
3.1855677655677654
0.992014652014652
1.261978021978022
2.848717948717949
0.12893772893772895
3.103369963369963
0.9025641025641026
1.394139194139194
2.787472527472527
0.2175824175824176
2.9744322344322343
0.9323809523809523
1.452161172161172
2.6601465201465198
0.0
3.0880586080586077
0.8622710622710623
1.6761904761904762
2.791501831501831
0.029816849816849816
3.2887179487179488
0.8429304029304029
1.3917216117216116
2.9099633699633696
0.09186813186813186
3.1372161172161173
0.946080586080586
1.3248351648351648
2.9019047619047615
0.1241025641025641
3.045347985347985
0.9976556776556775
1.443296703296703
2.842271062271062
0.23772893772893772
2.996996336996337
0.8985347985347986
1.4739194139194138
2.714139194139194
0.12893772893772895
3.15010989010989
0.7276923076923076
1.456996336996337
2.7778021978021976
0.0
3.2556776556776557
0.8300366300366301
1.4827838827838828
2.8938461538461535
0.0
3.2677655677655677
0.826007326007326
1.3224175824175823
2.8696703296703294
0.0427106227106227
3.05018315018315
0.9323809523809523
1.1660805860805858
2.764102564102564
0.22644688644688643
3.1476923076923073
0.9178754578754579
1.5456410256410256
2.7568498168498166
0.11362637362637361
3.1154578754578752
0.7454212454212454
1.472307692307692
2.796336996336996
0.0
3.2290842490842486
0.784102564102564
1.423956043956044
2.880952380952381
0.0
3.1372161172161173
0.8767765567765566
1.469084249084249
2.8317948717948713
0.16036630036630034
3.182344322344322
0.9750915750915751
1.2482783882783883
2.7649084249084246
0.13054945054945055
3.1315750915750913
0.8397069597069596
1.581904761904762
2.697216117216117
0.11604395604395604
3.202490842490842
0.7792673992673993
1.581904761904762
2.751208791208791
0.0
3.00989010989011
0.8663003663003663
1.4207326007326007
2.8164835164835167
0.0
3.2089377289377286
0.871941391941392
1.2724542124542124
2.764102564102564
0.023369963369963366
3.138827838827839
0.8485714285714285
1.4739194139194138
2.707692307692308
0.09912087912087912
3.1178754578754577
0.7454212454212454
1.4980952380952381
2.681904761904762
0.10637362637362636
3.2049084249084245
0.7083516483516483
1.5786813186813187
2.741538461538461
0.06205128205128205
3.2194139194139195
0.6978754578754578
1.5464468864468863
2.813260073260073
0.2804395604395604
3.1452747252747253
0.8872527472527472
1.4416849816849817
2.8068131868131867
0.027399267399267395
3.058241758241758
0.9791208791208791
1.58996336996337
2.6907692307692304
0.09106227106227106
3.1646153846153844
0.8066666666666666
1.6391208791208791
2.7447619047619045
0.12652014652014654
3.254065934065934
0.70996336996337
1.7583882783882783
2.7205860805860804
0.0684981684981685
3.3
0.7865201465201465
1.917142857142857
2.767326007326007
0.0
3.198461538461538
0.8453479853479853
1.3796336996336995
2.7737728937728936
0.21677655677655677
3.121098901098901
0.7478388278388277
1.5536996336996336
2.6585347985347982
0.17567765567765567
3.167032967032967
0.6882051282051281
1.585128205128205
2.6456410256410257
0.0
3.2774358974358972
0.6640293040293039
1.4263736263736264
2.771355311355311
0.01531135531135531
3.1855677655677654
0.8316483516483516
1.3884981684981683
2.761684981684981
0.044322344322344324
3.055018315018315
0.8002197802197801
1.435238095238095
2.705274725274725
0.08622710622710622
3.1098168498168497
0.8058608058608059
1.7454945054945052
2.6158241758241756
0.11846153846153845
3.2387545787545786
0.6986813186813187
1.6753846153846153
2.703663003663004
0.012893772893772894
3.232307692307692
0.7123809523809523
1.573040293040293
2.8164835164835167
0.02659340659340659
3.27018315018315
0.7849084249084248
1.5037362637362635
2.7745787545787546
0.0
3.1726739926739924
0.8139194139194139
1.3989743589743588
2.6585347985347982
0.29736263736263735
3.0743589743589745
0.7502564102564102
1.6641025641025642
2.582783882783883
0.1232967032967033
3.2218315018315016
0.7945787545787545
1.842197802197802
2.635164835164835
0.18937728937728937
3.3
0.689010989010989
1.5561172161172159
2.7657142857142856
0.31025641025641026
3.2709890109890107
0.7317216117216117
1.527106227106227
2.726227106227106
0.08219780219780219
3.0195604395604394
0.8969230769230768
1.6205860805860803
2.655311355311355
0.0
3.15010989010989
0.7478388278388277
1.7060073260073259
2.6117948717948716
0.03706959706959707
3.2983882783882783
0.7244688644688644
1.7076190476190476
2.677069597069597
0.04996336996336996
3.3
0.6712820512820512
1.435238095238095
2.7568498168498166
0.0
3.254065934065934
0.7518681318681317
1.3127472527472528
2.713333333333333
0.047545787545787546
3.099340659340659
0.7615384615384615
1.7205128205128206
2.618241758241758
0.15633699633699633
3.154945054945055
0.8501831501831502
1.6963369963369963
2.589230769230769
0.3416849816849816
3.17025641025641
0.6116483516483516
1.747912087912088
2.6528937728937727
0.2345054945054945
3.2250549450549446
0.643076923076923
1.589157509157509
2.729450549450549
0.03465201465201465
3.224249084249084
0.7986080586080585
1.6318681318681318
2.689157509157509
0.0
3.142051282051282
0.8453479853479853
1.618974358974359
2.597289377289377
0.11362637362637361
3.1356043956043953
0.5721611721611721
1.793040293040293
2.608571428571428
0.3038095238095238
3.2879120879120878
0.5898901098901098
1.5722344322344322
2.6520879120879117
0.0
3.3
0.6527472527472528
1.6495970695970694
2.7165567765567764
0.37391941391941386
3.206520146520146
0.7002930402930403
1.519047619047619
2.6682051282051282
0.06285714285714285
3.167032967032967
0.7293040293040293
1.652014652014652
2.593260073260073
0.25384615384615383
3.2411721611721607
0.6817582417582417
1.7898168498168496
2.5578021978021974
0.05641025641025641
3.258095238095238
0.5890842490842491
1.4819780219780219
2.664175824175824
0.0
3.3
0.6454945054945054
1.7495238095238093
2.6835164835164833
0.05641025641025641
3.3
0.7534798534798535
1.6431501831501831
2.6319413919413917
0.25062271062271063
3.0679120879120876
0.6535531135531135
1.6431501831501831
2.548131868131868
0.0709157509157509
2.858388278388278
0.6446886446886447
1.7833699633699633
2.56021978021978
0.2909157509157509
3.3
0.4867399267399267
1.6358974358974359
2.71978021978022
0.03304029304029304
3.224249084249084
0.6873992673992673
1.394139194139194
2.693992673992674
0.0
3.3
0.6833699633699633
1.568205128205128
2.606959706959707
0.5584615384615385
3.2355311355311356
0.7623443223443223
1.8027106227106227
2.5183150183150182
0.0
3.142051282051282
0.6317948717948717
1.6608791208791207
2.56021978021978
0.21919413919413916
3.3
0.635018315018315
1.7108424908424908
2.6416117216117216
0.0
3.2226373626373626
0.5987545787545788
1.6713553113553112
2.6488644688644687
0.19018315018315018
3.19040293040293
0.7365567765567765
1.618974358974359
2.5634432234432234
0.2683516483516483
3.2113553113553115
0.659194139194139
1.7728937728937728
2.4828571428571427
0.09750915750915749
3.2057142857142855
0.5286446886446886
1.7543589743589743
2.556996336996337
0.021758241758241755
3.3
0.5415384615384615
1.6028571428571428
2.618241758241758
0.05963369963369963
3.3
0.6825641025641025
1.6238095238095238
2.6279120879120876
0.05802197802197802
3.077582417582417
0.7244688644688644
1.6689377289377287
2.556996336996337
0.20468864468864467
3.1968498168498165
0.5915018315018314
1.759194139194139
2.4675457875457876
0.27641025641025635
3.174285714285714
0.5028571428571428
1.93003663003663
2.565054945054945
0.025787545787545788
3.3
0.552014652014652
1.6173626373626373
2.628717948717948
0.03706959706959707
3.3
0.643076923076923
1.7624175824175823
2.581172161172161
0.24336996336996336
3.142051282051282
0.6253479853479853
1.7148717948717949
2.478021978021978
0.2772161172161172
3.1186813186813187
0.5262271062271062
1.8607326007326006
2.48043956043956
0.28446886446886444
3.1968498168498165
0.5592673992673992
1.8478388278388278
2.4997802197802192
0.031428571428571424
3.3
0.5221978021978022
1.9485714285714284
2.597289377289377
0.01531135531135531
3.3
0.7567032967032966
1.8615384615384616
2.5505494505494504
0.05318681318681318
3.17992673992674
0.630989010989011
1.7454945054945052
2.4546520146520145
0.18695970695970693
3.2016849816849815
0.5544322344322344
1.9558241758241757
2.4506227106227105
0.0684981684981685
3.19040293040293
0.5947252747252747
1.983223443223443
2.536043956043956
0.07816849816849816
3.0646886446886445
0.6261538461538462
1.9493772893772894
2.626300366300366
0.07897435897435896
3.2863003663003663
0.6624175824175824
1.6697435897435897
2.5586080586080584
0.23611721611721612
3.2186080586080585
0.601978021978022
1.76
2.445787545787546
0.1829304029304029
3.2887179487179488
0.5068864468864468
1.9348717948717946
2.464322344322344
0.31186813186813184
3.3
0.5302564102564102
1.8123809523809524
2.536043956043956
0.0
3.3
0.5649084249084249
1.8768498168498169
2.594065934065934
0.0
3.2935531135531133
0.6084249084249084
1.8059340659340657
2.48043956043956
0.10476190476190476
3.17025641025641
0.6011721611721611
1.8454212454212455
2.4135531135531134
0.2465934065934066
3.2927472527472528
0.5923076923076923
1.8978021978021977
2.402271062271062
0.4126007326007326
3.3
0.5431501831501832
1.9058608058608058
2.564249084249084
0.23611721611721612
3.3
0.5600732600732601
1.6778021978021977
2.5698901098901095
0.4383882783882783
3.2532600732600727
0.6446886446886447
1.8325274725274725
2.523150183150183
0.17245421245421244
3.202490842490842
0.535091575091575
1.9026373626373625
2.4006593406593404
0.3594139194139194
3.1936263736263735
0.4964102564102564
1.6318681318681318
2.4586813186813186
0.2328937728937729
3.3
0.4512820512820513
1.8945787545787545
2.5505494505494504
0.09992673992673992
3.3
0.49882783882783877
1.7366300366300367
2.5030036630036627
0.2063003663003663
3.2452014652014647
0.4577289377289377
1.8518681318681318
2.4707692307692306
0.23772893772893772
3.3
0.6052014652014651
1.8284981684981685
2.394212454212454
0.14263736263736265
3.2774358974358972
0.4810989010989011
1.9679120879120877
2.387765567765568
0.14989010989010987
3.3
0.4230769230769231
1.888937728937729
2.4586813186813186
0.05318681318681318
3.3
0.48271062271062265
2.0912087912087913
2.5586080586080584
0.11684981684981685
3.2387545787545786
0.597948717948718
1.6858608058608058
2.527985347985348
0.21435897435897436
3.2194139194139195
0.5761904761904761
1.8139926739926737
2.3926007326007324
0.34410256410256407
3.2476190476190476
0.5254212454212454
1.8945787545787545
2.395824175824176
0.39003663003662997
3.2774358974358972
0.4383882783882783
2.4393406593406595
2.4232234432234434
0.0
3.3
0.3843956043956044
1.846227106227106
2.519120879120879
0.14424908424908423
3.3
0.5012454212454213
1.7914285714285714
2.5005860805860807
0.07252747252747253
3.3
0.6068131868131869
1.755970695970696
2.4546520146520145
0.2610989010989011
3.2613186813186807
0.4198534798534798
1.9284249084249083
2.3515018315018312
0.23611721611721612
3.3
0.39164835164835166
2.004981684981685
2.3708424908424908
0.1394139194139194
3.3
0.33201465201465197
1.9687179487179487
2.406300366300366
0.16197802197802197
3.3
0.5004395604395604
1.755164835164835
2.497362637362637
0.06769230769230769
3.3
0.5794139194139194
2.007399267399267
2.456263736263736
0.06446886446886448
3.2226373626373626
0.643076923076923
1.627032967032967
2.3200732600732596
0.2345054945054945
3.274212454212454
0.43677655677655675
1.9936996336996335
2.348278388278388
0.2675457875457875
3.3
0.3432967032967033
2.0541391941391938
2.3974358974358974
0.21274725274725273
3.3
0.5076923076923077
1.8961904761904762
2.489304029304029
0.04835164835164835
3.3
0.6527472527472528
1.7825641025641024
2.4554578754578755
0.17245421245421244
3.163003663003663
0.7655677655677655
1.9534065934065934
2.386153846153846
0.23208791208791207
3.2290842490842486
0.5544322344322344
1.9767765567765567
2.324908424908425
0.1797069597069597
3.3
0.4956043956043956
2.0186813186813186
2.3144322344322346
0.2731868131868132
3.2452014652014647
0.4383882783882783
2.000952380952381
2.4111355311355314
0.21597069597069596
3.3
0.44967032967032966
1.8430036630036628
2.4046886446886444
0.0
3.19040293040293
0.42549450549450546
1.917142857142857
2.4208058608058605
0.3191208791208791
3.2838827838827838
0.5455677655677655
2.0646153846153847
2.265274725274725
0.3489377289377289
3.2049084249084245
0.4625641025641025
2.033186813186813
2.2967032967032965
0.2562637362637362
3.3
0.41340659340659336
2.0670329670329672
2.3764835164835163
0.15875457875457874
3.3
0.3731135531135531
2.041245421245421
2.4296703296703295
0.2111355311355311
3.3
0.5076923076923077
1.9848351648351648
2.3893772893772893
0.12652014652014654
3.187179487179487
0.5133333333333333
1.9687179487179487
2.2975091575091575
0.4810989010989011
3.150915750915751
0.4166300366300366
2.104102564102564
2.233040293040293
0.2232234432234432
3.3
0.3537728937728937
2.0138461538461536
2.3265201465201466
0.2530402930402931
3.3
0.3529670329670329
1.9808058608058607
2.4111355311355314
0.12893772893772895
3.295164835164835
0.5407326007326007
1.8784615384615382
2.3547252747252747
0.298974358974359
3.125128205128205
0.4271062271062271
1.9654945054945054
2.2781684981684984
0.2876923076923077
3.212161172161172
0.3989010989010989
2.339413919413919
2.2676923076923075
0.3465201465201465
3.3
0.3207326007326007
2.0065934065934066
2.2846153846153845
0.15230769230769228
3.3
0.3706959706959707
2.0654212454212453
2.3909890109890113
0.30622710622710625
3.3
0.4126007326007326
1.999340659340659
2.3361904761904757
0.20227106227106226
3.2726007326007323
0.498021978021978
2.1685714285714286
2.315238095238095
0.47545787545787543
3.262124542124542
0.42146520146520144
2.0976556776556774
2.237069597069597
0.35538461538461535
3.3
0.3110622710622711
2.116996336996337
2.2604395604395604
0.2683516483516483
3.2895238095238093
0.20952380952380953
2.0267399267399266
2.3547252747252747
0.12249084249084248
3.3
0.3618315018315018
1.8728205128205129
2.3378021978021977
0.1547252747252747
3.183956043956044
0.37875457875457874
1.9147252747252745
2.266886446886447
0.2627106227106227
3.3
0.4230769230769231
1.9074725274725273
2.2354578754578753
0.26593406593406593
3.3
0.3110622710622711
