2.701245421245421
3.3
2.5674725274725274
0.7704029304029303
0.0
0.502051282051282
1.9316483516483516
3.2153846153846155
3.0904761904761906
2.0146520146520146
0.4617582417582417
0.08058608058608059
0.9073992673992674
2.1975824175824177
3.2645421245421242
2.9454212454212456
1.5263003663003663
0.14989010989010987
0.2369230769230769
1.2853479853479854
2.711721611721612
3.3
2.5126739926739927
0.9347985347985348
0.07816849816849816
0.5866666666666667
1.8035164835164834
3.055018315018315
3.2258608058608056
1.983223443223443
0.4673992673992674
0.11765567765567765
0.8985347985347986
2.2394871794871793
3.21054945054945
2.9679853479853477
1.2152380952380952
0.26996336996336995
0.2917216117216117
1.1588278388278388
2.702051282051282
3.3
2.4030769230769233
0.8912820512820512
0.10476190476190476
0.5165567765567765
1.7535531135531133
3.2427838827838826
3.2452014652014647
1.9429304029304026
0.5052747252747253
0.0
0.8582417582417582
2.2515750915750914
3.3
2.9728205128205127
1.3006593406593405
0.37553113553113554
0.24095238095238095
1.2837362637362637
2.764102564102564
3.3
2.461904761904762
0.9235164835164834
0.03223443223443224
0.44967032967032966
1.63025641025641
3.1227106227106227
3.2863003663003663
1.8309157509157508
0.5254212454212454
0.038681318681318674
0.8526007326007325
2.2781684981684984
3.3
2.8898168498168495
1.3884981684981683
0.18534798534798536
0.3706959706959707
1.3328937728937729
2.755238095238095
3.3
2.479633699633699
0.8783882783882784
0.18212454212454213
0.4512820512820513
1.8293040293040292
3.1887912087912085
3.179120879120879
1.9598534798534797
0.5552380952380952
0.16923076923076924
0.718021978021978
2.335384615384615
3.3
2.851941391941392
1.4972893772893772
0.22644688644688643
0.1386080586080586
1.232161172161172
2.864029304029304
3.3
2.3498901098901097
0.8453479853479853
0.12893772893772895
0.46095238095238095
1.7882051282051281
3.248424908424908
3.232307692307692
2.0138461538461536
0.5358974358974359
0.16197802197802197
0.801025641025641
2.312820512820513
3.3
2.840659340659341
1.314358974358974
0.21194139194139194
0.10476190476190476
1.1757509157509156
2.8632234432234434
3.3
2.352307692307692
0.8501831501831502
0.14344322344322344
0.4343589743589743
1.7156776556776556
3.187179487179487
3.171062271062271
1.8293040293040292
0.5439560439560439
0.0
0.7430036630036629
2.387765567765568
3.3
2.784249084249084
1.2724542124542124
0.39164835164835166
0.16197802197802197
1.187032967032967
2.892234432234432
3.3
2.3498901098901097
0.9565567765567765
0.21919413919413916
0.42065934065934063
1.9203663003663003
3.204102564102564
3.067106227106227
1.8671794871794871
0.5826373626373627
0.0
0.7937728937728937
2.4345054945054945
3.3
2.7745787545787546
1.4078388278388276
0.36747252747252745
0.19985347985347984
1.340952380952381
2.916410256410256
3.3
2.315238095238095
0.9984615384615384
0.1281318681318681
0.3876190476190476
1.6133333333333333
3.2516483516483516
3.057435897435897
1.8687912087912089
0.6172893772893773
0.027399267399267395
0.7913553113553113
2.478021978021978
3.3
2.783443223443223
1.3079120879120878
0.2482051282051282
0.12732600732600732
1.3868864468864468
2.882564102564102
3.17025641025641
2.3200732600732596
1.0355311355311356
0.011282051282051281
0.3771428571428571
2.0065934065934066
3.2097435897435895
3.0646886446886445
1.9123076923076923
0.5778021978021978
0.0709157509157509
1.0242490842490843
2.4925274725274726
3.2798534798534797
2.751208791208791
1.4134798534798534
0.4198534798534798
0.09509157509157509
1.3159706959706958
2.908351648351648
3.2927472527472528
2.3136263736263736
1.0452014652014652
0.09750915750915749
0.38036630036630037
2.012234432234432
3.2734065934065932
3.021172161172161
1.7857875457875456
0.5842490842490843
0.0
0.7865201465201465
2.46996336996337
3.2347252747252746
2.771355311355311
1.5238827838827838
0.2328937728937729
0.20146520146520147
1.3135531135531135
2.9357509157509156
3.254065934065934
2.341025641025641
0.9621978021978022
0.03304029304029304
0.4464468864468864
2.0299633699633697
3.187179487179487
2.9679853479853477
2.0613919413919413
0.5592673992673992
0.0
0.7937728937728937
2.479633699633699
3.3
2.703663003663004
1.432014652014652
0.44080586080586076
0.11604395604395604
1.3756043956043955
2.942197802197802
3.2097435897435895
2.2604395604395604
1.075018315018315
0.14586080586080585
0.40534798534798533
2.0895970695970694
3.2250549450549446
3.0896703296703296
1.999340659340659
0.6132600732600731
0.0
0.8977289377289377
2.4506227106227105
3.232307692307692
2.761684981684981
1.4932600732600732
0.24498168498168496
0.0709157509157509
1.4868131868131869
2.9196336996336996
3.2218315018315016
2.262051282051282
1.0008791208791208
0.13377289377289375
0.469010989010989
2.07025641025641
3.2250549450549446
2.948644688644688
1.967106227106227
0.6084249084249084
0.10073260073260074
0.8550183150183149
2.568278388278388
3.2250549450549446
2.7423443223443225
1.3345054945054944
0.23611721611721612
0.09750915750915749
1.4666666666666666
2.9615384615384617
3.1267399267399267
2.3160439560439556
1.0274725274725274
0.0
0.4230769230769231
1.9896703296703295
3.269377289377289
2.988937728937729
1.9542124542124542
0.5858608058608058
0.0
0.9049816849816849
2.5465201465201464
3.3
2.747985347985348
1.4553846153846153
0.17648351648351646
0.11926739926739927
1.452161172161172
2.948644688644688
3.0437362637362635
2.281391941391941
1.0065201465201465
0.0
0.3658608058608058
2.0734798534798533
3.0646886446886445
3.058241758241758
2.0267399267399266
0.5504029304029304
0.0
0.9581684981684981
2.6569230769230767
3.2097435897435895
2.761684981684981
1.4223443223443224
0.17487179487179486
0.025787545787545788
1.4223443223443224
2.9647619047619047
3.2613186813186807
2.3023443223443225
0.9219047619047619
0.0
0.3255677655677655
2.0589743589743588
3.1936263736263735
3.1605860805860804
1.83010989010989
0.539120879120879
0.0
0.9678388278388278
2.4506227106227105
3.2186080586080585
2.711721611721612
1.5214652014652015
0.17245421245421244
0.14666666666666667
1.423956043956044
2.952673992673992
3.287106227106227
2.3764835164835163
0.9678388278388278
0.0
0.48432234432234433
2.033186813186813
2.938168498168498
3.0163369963369964
1.872014652014652
0.5358974358974359
0.0
1.041978021978022
2.5473260073260073
3.3
2.695604395604396
1.4545787545787545
0.16439560439560438
0.10798534798534798
1.5367765567765566
2.8317948717948713
3.1952380952380954
2.402271062271062
0.9742857142857142
0.0
0.5238095238095238
2.1234432234432234
3.1887912087912085
3.021172161172161
1.8131868131868132
0.46014652014652013
0.0
1.046007326007326
2.5578021978021974
3.2709890109890107
2.8148717948717947
1.4255677655677654
0.10637362637362636
0.09509157509157509
1.5383882783882783
2.843882783882784
3.2194139194139195
2.39018315018315
0.9202930402930403
0.0
0.5157509157509158
2.3184615384615386
2.9059340659340656
3.0517948717948715
2.084761904761905
0.4810989010989011
0.0
0.9452747252747252
2.527985347985348
3.182344322344322
2.8358241758241753
1.515018315018315
0.06527472527472528
0.1394139194139194
1.5802930402930402
2.912380952380952
3.0896703296703296
2.4965567765567767
0.9557509157509156
0.23611721611721612
0.5705494505494506
2.004981684981685
3.113040293040293
3.0663003663003665
2.037216117216117
0.43113553113553116
0.0
1.0879120879120878
2.51025641025641
3.206520146520146
2.747179487179487
1.4457142857142857
0.016923076923076923
0.20871794871794871
1.581904761904762
2.9438095238095237
3.167838827838828
2.6649816849816848
0.8856410256410256
0.07413919413919413
0.6084249084249084
2.121831501831502
2.8293772893772893
3.055018315018315
1.7753113553113553
0.3924542124542124
0.0
1.0145787545787546
2.482051282051282
3.150915750915751
2.795531135531135
1.398168498168498
0.24014652014652013
0.22805860805860806
1.5077655677655677
2.8326007326007328
3.2274725274725276
2.4554578754578755
0.871941391941392
0.0
0.6438827838827839
2.033186813186813
3.083223443223443
3.125128205128205
1.9042490842490842
0.3529670329670329
0.004835164835164834
1.0145787545787546
2.482051282051282
3.1162637362637358
2.8873992673992674
1.39010989010989
0.10798534798534798
0.21274725274725273
1.722124542124542
2.8712820512820514
3.2113553113553115
2.1750183150183147
0.8824175824175824
0.0
0.6197069597069597
1.9558241758241757
3.025201465201465
3.1009523809523807
2.0444688644688647
0.39084249084249084
0.0
1.0129670329670328
2.478021978021978
3.2774358974358972
2.840659340659341
1.3473992673992672
0.0419047619047619
0.23772893772893772
1.5947985347985347
2.799560439560439
3.1807326007326004
2.468351648351648
0.8171428571428571
0.0
0.6422710622710622
2.2435164835164834
3.1057875457875457
3.1025641025641026
1.8978021978021977
0.37956043956043956
0.0
1.228937728937729
2.4707692307692306
3.3
2.858388278388278
1.3643223443223442
0.0
0.24981684981684982
1.8204395604395605
2.8495238095238093
3.256483516483516
2.486080586080586
0.809084249084249
0.0
0.7268864468864469
2.0017582417582416
2.916410256410256
3.124322344322344
1.9268131868131866
0.4303296703296703
0.0701098901098901
1.0298901098901099
2.444175824175824
3.2548717948717947
2.918021978021978
1.220879120879121
0.22644688644688643
0.2893040293040293
1.4739194139194138
2.9147985347985346
3.208131868131868
2.374871794871795
0.8550183150183149
0.0
0.6680586080586081
1.995311355311355
3.125128205128205
3.167838827838828
1.7986813186813186
0.369084249084249
0.051575091575091575
1.1322344322344322
2.4570695970695966
3.3
2.787472527472527
1.236996336996337
0.0709157509157509
0.298974358974359
1.5835164835164834
2.8317948717948713
3.295164835164835
2.4183882783882784
0.7413919413919414
0.0
0.5890842490842491
2.0460805860805857
3.1098168498168497
3.15010989010989
2.0573626373626372
0.3924542124542124
0.004835164835164834
0.9976556776556775
2.4715750915750916
3.2983882783882783
2.9268864468864466
1.29018315018315
0.25465201465201465
0.34410256410256407
1.5722344322344322
2.803589743589743
3.3
2.3764835164835163
0.7591208791208791
0.0
0.6035897435897436
1.8978021978021977
3.054212454212454
3.1162637362637358
1.8075457875457874
0.3594139194139194
0.12974358974358974
1.0121611721611723
2.437728937728938
3.3
2.787472527472527
1.3159706959706958
0.06769230769230769
0.36666666666666664
1.6939194139194138
2.8317948717948713
3.3
2.453846153846154
0.7236630036630036
0.0
0.6277655677655677
2.033186813186813
3.1968498168498165
3.1807326007326004
1.7712820512820513
0.2578754578754579
0.09912087912087912
0.9476923076923076
2.4449816849816846
3.25003663003663
2.7939194139194137
1.3602930402930402
0.0
0.3432967032967033
1.344981684981685
2.7769963369963366
3.3
2.2975091575091575
0.7494505494505495
0.14586080586080585
0.6076190476190476
1.979194139194139
3.2194139194139195
3.132380952380952
1.7882051282051281
0.3876190476190476
0.1506959706959707
1.1564102564102565
2.4506227106227105
3.296776556776557
2.85032967032967
1.2224908424908423
0.19663003663003661
0.37875457875457874
1.568205128205128
2.6714285714285713
3.3
2.2346520146520144
0.7695970695970696
0.13054945054945055
0.7043223443223443
1.9526007326007324
3.154945054945055
3.1968498168498165
1.6947252747252746
0.6221245421245422
0.12007326007326007
0.9928205128205128
2.4957509157509152
3.3
2.739120879120879
1.17010989010989
0.17164835164835165
0.3658608058608058
1.4634432234432233
2.886593406593406
3.3
2.207252747252747
0.7212454212454212
0.22644688644688643
0.7816849816849817
1.991282051282051
3.2194139194139195
3.1227106227106227
1.7116483516483516
0.2530402930402931
0.2530402930402931
1.0137728937728936
2.4433699633699635
3.3
2.7665201465201466
1.2635897435897434
0.1547252747252747
0.4738461538461538
1.598021978021978
2.8978754578754575
3.3
2.2225641025641023
0.7204395604395604
0.10315018315018315
0.47706959706959706
1.999340659340659
3.0969230769230767
3.1484981684981683
1.7753113553113553
0.30864468864468864
0.1539194139194139
1.0693772893772893
2.4554578754578755
3.3
2.7786080586080586
1.1878388278388279
0.14989010989010987
0.38036630036630037
1.456996336996337
2.93010989010989
3.3
2.299120879120879
0.8171428571428571
0.06205128205128205
0.713992673992674
1.9429304029304026
3.2306959706959706
3.138827838827839
1.6947252747252746
0.34007326007326005
0.1394139194139194
1.1733333333333333
2.489304029304029
3.3
2.59003663003663
1.1443223443223443
0.20146520146520147
0.35619047619047617
1.5907692307692307
3.1476923076923073
3.3
2.233040293040293
0.684981684981685
0.1942124542124542
0.6205128205128205
1.9493772893772894
3.2186080586080585
3.1412454212454213
1.735018315018315
0.3376556776556776
0.11926739926739927
0.9887912087912087
2.4296703296703295
3.3
2.731062271062271
1.1902564102564102
0.22
0.4061538461538461
1.4529670329670328
2.9309157509157506
3.3
2.270915750915751
0.6720879120879121
0.11846153846153845
0.6495238095238095
2.0259340659340657
3.3
3.1219047619047617
1.7076190476190476
0.41340659340659336
0.15875457875457874
0.9718681318681318
2.4586813186813186
3.3
2.697216117216117
1.1322344322344322
0.18534798534798536
0.27076923076923076
1.4916483516483514
2.934139194139194
3.3
2.1315018315018315
0.6567765567765568
0.1676190476190476
0.6503296703296703
1.9799999999999998
3.1855677655677654
3.1057875457875457
1.7148717948717949
0.42549450549450546
0.14505494505494507
1.1096703296703296
2.477216117216117
3.3
2.7769963369963366
1.1805860805860806
0.23047619047619047
0.3505494505494505
1.4424908424908425
2.808424908424908
3.3
2.2556043956043954
0.6946520146520146
0.0838095238095238
0.5794139194139194
1.9606593406593407
3.2895238095238093
3.1082051282051277
1.7882051282051281
0.3843956043956044
0.1386080586080586
0.9356043956043956
2.544102564102564
3.3
2.697216117216117
1.1225641025641024
0.1394139194139194
0.32234432234432236
1.5335531135531135
2.9704029304029302
3.3
2.3506959706959707
0.7510622710622711
0.1845421245421245
0.6011721611721611
1.999340659340659
3.3
3.0324542124542124
1.6399267399267399
0.40937728937728934
0.16036630036630034
1.0178021978021976
2.5416849816849814
3.3
2.7745787545787546
1.1330402930402932
0.20227106227106226
0.29816849816849816
1.5254945054945055
2.9736263736263737
3.3
2.2
0.813113553113553
0.08945054945054944
0.6753113553113552
1.9727472527472527
3.3
3.1090109890109887
1.697142857142857
0.4021245421245421
0.1539194139194139
1.0057142857142856
2.574725274725275
3.3
2.7165567765567764
1.1499633699633698
0.2893040293040293
0.13619047619047617
1.5005128205128204
3.037289377289377
3.3
2.1750183150183147
0.7486446886446886
0.1087912087912088
0.8767765567765566
2.0162637362637366
3.2516483516483516
3.1259340659340658
1.6810256410256408
0.4585347985347985
0.16600732600732598
1.0145787545787546
2.594871794871795
3.2290842490842486
2.6907692307692304
1.1112820512820512
0.27641025641025635
0.2175824175824176
1.4626373626373625
3.05018315018315
3.3
2.117802197802198
0.718021978021978
0.08945054945054944
0.4383882783882783
2.0364102564102566
3.2645421245421242
3.077582417582417
1.510989010989011
0.35780219780219774
0.15794871794871793
1.0653479853479852
2.578754578754579
3.3
2.60051282051282
1.1225641025641024
0.17003663003663003
0.31670329670329667
1.4964835164835164
2.9905494505494503
3.3
2.37970695970696
0.7760439560439559
0.15956043956043955
0.6326007326007326
2.0396336996336997
3.256483516483516
3.0961172161172157
1.6528205128205127
0.43758241758241756
0.14344322344322344
1.1088644688644689
2.594065934065934
3.3
2.616630036630036
1.1443223443223443
0.06043956043956044
0.2514285714285714
1.5206593406593405
3.021172161172161
3.3
2.2306227106227103
0.726080586080586
0.09750915750915749
0.7284981684981685
2.037216117216117
3.1613919413919414
3.128351648351648
1.6697435897435897
0.3457142857142857
0.1345787545787546
1.0443956043956044
2.403882783882784
3.3
2.6625641025641023
1.1306227106227105
0.20065934065934063
0.2345054945054945
1.5254945054945055
3.103369963369963
3.3
2.1548717948717946
0.7873260073260073
0.12893772893772895
0.6616117216117215
2.0501098901098898
3.3
3.017948717948718
1.6076923076923078
0.3150915750915751
0.14989010989010987
0.9621978021978022
2.590842490842491
3.3
2.548937728937729
1.1684981684981686
0.2111355311355311
0.31267399267399265
1.4013919413919413
3.029230769230769
3.2766300366300363
2.121025641025641
0.7470329670329671
0.10717948717948718
0.5254212454212454
2.0670329670329672
3.3
3.0002197802197803
1.921978021978022
0.2957509157509157
0.1515018315018315
1.1749450549450549
2.386959706959707
3.3
2.642417582417582
1.1773626373626374
0.1934065934065934
0.2893040293040293
1.5722344322344322
2.9808791208791208
3.3
2.0912087912087913
0.805054945054945
0.13619047619047617
0.6454945054945054
2.112161172161172
3.166227106227106
3.069523809523809
1.5464468864468863
0.40293040293040294
0.08945054945054944
0.9283516483516483
2.535238095238095
3.3
2.527179487179487
1.116923076923077
0.15956043956043955
0.35135531135531134
1.5351648351648353
2.9228571428571426
3.2709890109890107
2.1186080586080585
0.7631501831501831
0.07978021978021978
0.5681318681318681
2.07992673992674
3.3
3.167032967032967
1.5528937728937728
0.41018315018315016
0.11604395604395604
1.4626373626373625
2.634358974358974
3.3
2.561025641025641
1.1620512820512818
0.0967032967032967
0.2852747252747253
1.5319413919413918
3.029230769230769
3.2258608058608056
2.00014652014652
0.7623443223443223
0.09912087912087912
0.43677655677655675
2.1387545787545785
3.2194139194139195
3.073553113553113
1.5085714285714285
0.2691575091575092
0.07172161172161172
1.1225641025641024
2.6117948717948716
3.3
2.3652014652014652
1.1435164835164835
0.0
0.4819047619047619
1.6423443223443221
3.026007326007326
3.2210256410256406
1.888131868131868
0.5737728937728938
0.1635897435897436
0.7438095238095237
2.1589010989010986
3.3
3.071135531135531
1.5464468864468863
0.356996336996337
0.13538461538461538
1.0282783882783884
2.702051282051282
3.295970695970696
2.478021978021978
1.1684981684981686
0.08622710622710622
0.18615384615384614
1.6093040293040293
2.9744322344322343
3.2250549450549446
2.031575091575091
0.6559706959706959
0.06205128205128205
0.6116483516483516
2.2233699633699633
3.2927472527472528
2.9679853479853477
1.6205860805860803
0.49479853479853475
0.06608058608058608
1.0105494505494506
2.7463736263736265
3.27018315018315
2.19032967032967
1.1975091575091577
0.11765567765567765
0.3481318681318681
1.6810256410256408
3.132380952380952
3.187179487179487
2.012234432234432
0.7695970695970696
0.005641025641025641
0.6172893772893773
2.224981684981685
3.3
2.958315018315018
1.5947985347985347
0.39003663003662997
0.0
1.1056410256410254
2.743956043956044
3.2427838827838826
2.51025641025641
1.1620512820512818
0.17164835164835165
0.23934065934065932
1.7382417582417582
2.9478388278388277
3.2298901098901096
2.0436630036630037
0.6994871794871794
0.010476190476190476
0.618095238095238
2.19032967032967
3.206520146520146
3.1597802197802194
1.5561172161172159
0.2643223443223443
0.04593406593406593
1.037948717948718
2.723003663003663
3.3
2.655311355311355
1.2257142857142858
0.1772893772893773
0.2345054945054945
1.5883516483516482
3.1065934065934067
3.1936263736263735
2.0912087912087913
0.6986813186813187
0.1708424908424908
0.672893772893773
2.229010989010989
3.3
2.8616117216117214
1.6495970695970694
0.435970695970696
0.05399267399267399
1.058095238095238
2.787472527472527
3.2774358974358972
2.481245421245421
1.298241758241758
0.30058608058608055
0.21677655677655677
1.6318681318681318
3.0324542124542124
3.0356776556776555
2.0597802197802197
0.7953846153846154
0.01611721611721612
0.6277655677655677
2.220952380952381
3.3
2.9147985347985346
1.6463736263736264
0.3255677655677655
0.12087912087912088
1.1193406593406594
2.6746520146520143
3.3
2.3539194139194137
1.195091575091575
0.18776556776556777
0.18776556776556777
1.5843223443223442
3.055018315018315
3.187179487179487
2.1105494505494504
0.7550915750915751
0.0
0.8106959706959707
2.2265934065934063
3.3
2.958315018315018
1.6866666666666665
0.4714285714285714
0.1241025641025641
1.095164835164835
2.6665934065934063
3.26051282051282
2.5916483516483515
1.2095970695970697
0.09509157509157509
0.13538461538461538
1.6778021978021977
3.1227106227106227
3.1887912087912085
1.9526007326007324
0.7849084249084248
0.0
0.6986813186813187
2.2676923076923075
3.2339194139194136
2.8833699633699634
1.5448351648351648
0.3723076923076923
0.02901098901098901
0.9952380952380953
2.721391941391941
3.2516483516483516
2.4586813186813186
1.2394139194139193
0.1281318681318681
0.3368498168498168
1.7463003663003662
3.1049816849816847
3.1098168498168497
2.0460805860805857
0.7881318681318681
0.027399267399267395
0.6189010989010988
2.2088644688644687
3.27018315018315
2.8172893772893772
1.6915018315018315
0.39406593406593404
0.004835164835164834
1.1282051282051282
2.643223443223443
3.3
2.527179487179487
1.2353846153846153
0.08864468864468865
0.2796336996336996
1.7656410256410255
3.0606593406593405
3.1356043956043953
2.1677655677655676
0.6438827838827839
0.0
0.7075457875457875
2.2975091575091575
3.1291575091575092
2.851941391941392
1.709230769230769
0.5592673992673992
0.0
1.261978021978022
2.693992673992674
3.258095238095238
2.4989743589743587
1.1821978021978021
0.023369963369963366
0.23934065934065932
1.6931135531135528
3.0646886446886445
3.1476923076923073
2.1105494505494504
0.7776556776556777
0.0
0.6487179487179487
2.303150183150183
3.2194139194139195
2.838241758241758
1.7060073260073259
0.28124542124542123
0.07252747252747253
1.0653479853479852
2.6746520146520143
3.2032967032967035
2.597289377289377
1.2095970695970697
0.0
0.5681318681318681
1.7857875457875456
3.013113553113553
3.103369963369963
2.108937728937729
0.7486446886446886
0.0
0.809084249084249
2.2443223443223443
3.2452014652014647
2.8148717948717947
1.7334065934065932
0.3191208791208791
0.04835164835164835
1.1048351648351649
2.8873992673992674
3.2516483516483516
2.5038095238095233
1.1370695970695972
0.0
0.3658608058608058
1.8268864468864467
3.021978021978022
3.138827838827839
2.498168498168498
0.8517948717948718
0.0
0.7808791208791208
2.265274725274725
3.274212454212454
2.840659340659341
1.6995604395604396
0.44483516483516483
0.0
1.091135531135531
2.753626373626373
3.2234432234432235
2.468351648351648
1.220879120879121
0.3424908424908425
0.10476190476190476
1.8075457875457874
3.142051282051282
3.0767765567765566
2.0541391941391938
0.7115750915750915
0.0
0.7768498168498168
2.2394871794871793
3.3
2.9760439560439558
1.7068131868131868
0.361025641025641
0.0
1.116923076923077
2.655311355311355
3.27018315018315
2.632747252747252
1.191868131868132
0.06205128205128205
0.3038095238095238
1.8043223443223442
3.055018315018315
3.1122344322344317
2.2322344322344323
0.6882051282051281
0.0
0.6906227106227106
2.1790476190476187
3.1347985347985348
2.8253479853479853
1.6761904761904762
0.15714285714285714
0.0
1.224102564102564
2.7939194139194137
3.228278388278388
2.5392673992673993
1.1668864468864468
0.02095238095238095
0.27802197802197803
1.8123809523809524
3.167032967032967
3.1452747252747253
2.1452014652014655
0.7027106227106227
0.0
0.6745054945054945
2.2902564102564105
3.2766300366300363
2.9389743589743587
1.6802197802197802
0.43274725274725273
0.038681318681318674
1.2708424908424907
2.751208791208791
3.2572893772893767
2.497362637362637
1.2313553113553113
0.058827838827838826
0.7816849816849817
1.8365567765567765
3.0799999999999996
3.0936996336996336
2.1645421245421246
0.6785347985347985
0.0
0.672893772893773
2.3603663003663002
3.192014652014652
2.6843223443223443
1.6657142857142855
0.5681318681318681
0.0
1.2297435897435898
2.8197069597069593
3.256483516483516
2.487692307692307
1.0967765567765568
0.09992673992673992
0.41098901098901097
1.9316483516483516
3.1968498168498165
3.154139194139194
2.049304029304029
0.6841758241758241
0.0
0.7567032967032966
2.2878388278388275
3.2476190476190476
2.893040293040293
1.6399267399267399
0.29010989010989013
0.0
1.2506959706959706
2.8293772893772893
3.2863003663003663
2.2394871794871793
1.2829304029304027
0.08139194139194138
0.3368498168498168
1.7817582417582416
3.1436630036630033
3.107399267399267
1.9461538461538461
0.7115750915750915
0.0
0.5423443223443224
2.295091575091575
3.3
2.8358241758241753
1.6197802197802198
0.36424908424908425
0.06285714285714285
1.203956043956044
2.882564102564102
3.2556776556776557
2.453846153846154
1.1878388278388279
0.06769230769230769
0.13135531135531134
1.7914285714285714
3.1452747252747253
3.0969230769230767
2.0557509157509157
0.38600732600732596
0.0
0.7494505494505495
2.250769230769231
3.2895238095238093
2.98007326007326
1.606080586080586
0.4005128205128205
0.23853479853479853
1.0250549450549449
2.8326007326007328
3.2903296703296703
2.4183882783882784
1.0242490842490843
0.0693040293040293
0.24095238095238095
1.7994871794871794
3.299194139194139
3.1025641025641026
2.132307692307692
0.7147985347985347
0.0
0.738168498168498
2.2797802197802195
3.2645421245421242
2.7979487179487177
1.5601465201465199
0.4617582417582417
0.09347985347985346
1.2724542124542124
2.843882783882784
3.3
2.498168498168498
1.1531868131868133
0.05399267399267399
0.39003663003662997
1.7688644688644688
3.1646153846153844
3.158168498168498
2.0670329670329672
0.7228571428571429
0.0016117216117216117
0.676923076923077
2.3265201465201466
3.3
2.731868131868132
1.5657875457875456
0.5463736263736264
0.0
1.1096703296703296
2.855164835164835
3.296776556776557
2.48043956043956
1.203150183150183
0.16117216117216118
0.303003663003663
1.7906227106227104
3.1307692307692307
2.971208791208791
2.075897435897436
0.651135531135531
0.00805860805860806
0.9017582417582417
2.3539194139194137
3.295970695970696
2.792307692307692
1.5633699633699634
0.37391941391941386
0.07816849816849816
1.1112820512820512
2.792307692307692
3.3
2.51025641025641
