2.478021978021978
0.6745054945054945
0.14344322344322344
1.6906959706959706
3.3
2.576336996336996
0.5044688644688644
0.136996336996337
1.9106959706959705
3.2774358974358972
2.6174358974358976
0.7244688644688644
0.3779487179487179
1.6463736263736264
3.2516483516483516
2.568278388278388
0.5753846153846154
0.0
1.8752380952380951
3.3
2.4957509157509152
0.6124542124542125
0.19501831501831499
1.7172893772893771
3.103369963369963
2.6520879120879117
0.6519413919413919
0.0
1.78014652014652
3.287106227106227
2.5054212454212452
0.5624908424908425
0.22805860805860806
1.7922344322344321
3.1291575091575092
2.453846153846154
0.6785347985347985
0.0
1.751135531135531
3.3
2.5698901098901095
0.5318681318681319
0.09347985347985346
1.8873260073260072
3.2145787545787545
2.4707692307692306
0.6189010989010988
0.28285714285714286
1.6745787545787545
3.2508424908424907
2.628717948717948
0.47868131868131863
0.19018315018315018
1.872014652014652
3.3
2.4409523809523805
0.6164835164835165
0.2691575091575092
1.7543589743589743
3.1082051282051277
2.5287912087912088
0.5681318681318681
0.06285714285714285
1.7994871794871794
3.3
2.4393406593406595
0.5084981684981684
0.22886446886446885
1.8204395604395605
3.1533333333333333
2.5054212454212452
0.6495238095238095
0.07494505494505493
1.7495238095238093
3.295164835164835
2.5167032967032967
0.4819047619047619
0.1547252747252747
1.901025641025641
3.1613919413919414
2.444175824175824
0.6841758241758241
0.17809523809523808
1.63025641025641
3.3
2.574725274725275
0.4464468864468864
0.0
1.921172161172161
3.2347252747252746
2.452234432234432
0.647106227106227
0.22
1.751941391941392
3.2129670329670326
2.6117948717948716
0.5560439560439561
0.055604395604395604
1.8655677655677656
3.3
2.4071062271062273
0.47706959706959706
0.3038095238095238
1.846227106227106
3.2387545787545786
2.5537728937728934
0.6301831501831502
0.08139194139194138
1.7938461538461536
3.3
2.4747985347985346
0.5431501831501832
0.1257142857142857
1.9018315018315017
3.19040293040293
2.4635164835164836
0.4673992673992674
0.11765567765567765
1.7495238095238093
3.291941391941392
2.574725274725275
0.5463736263736264
0.3255677655677655
1.9332600732600733
3.248424908424908
2.497362637362637
0.6624175824175824
0.16036630036630034
1.739047619047619
3.138827838827839
2.5424908424908423
0.6043956043956044
0.014505494505494505
1.901025641025641
3.2895238095238093
2.3104029304029305
0.5278388278388279
0.20065934065934063
1.7817582417582416
3.208131868131868
2.540879120879121
0.6132600732600731
0.010476190476190476
1.8865201465201464
3.3
2.4868864468864467
0.49238095238095236
0.21516483516483514
1.9074725274725273
3.2210256410256406
2.4224175824175824
0.6857875457875457
0.32395604395604394
1.7583882783882783
3.3
2.593260073260073
0.5076923076923077
0.09428571428571428
1.9284249084249083
3.1396336996336993
2.4425641025641025
0.6761172161172161
0.21919413919413916
1.7873992673992674
3.3
2.572307692307692
0.4778754578754578
0.07494505494505493
1.921172161172161
3.2387545787545786
2.3934065934065933
0.5254212454212454
0.17648351648351646
1.8075457875457874
3.206520146520146
2.5287912087912088
0.5173626373626373
0.1805128205128205
1.8671794871794871
3.3
2.415970695970696
0.5068864468864468
0.29978021978021974
1.8712087912087911
3.158974358974359
2.4965567765567767
0.6052014652014651
0.0684981684981685
1.764029304029304
3.3
2.394212454212454
0.3924542124542124
0.303003663003663
1.921172161172161
3.1194871794871792
2.349084249084249
0.5826373626373627
0.09106227106227106
1.772087912087912
3.3
2.4949450549450547
0.5012454212454213
0.03706959706959707
1.9864468864468865
2.8712820512820514
2.445787545787546
0.6035897435897436
0.0
1.7946520146520146
3.1452747252747253
2.5537728937728934
0.5898901098901098
0.09347985347985346
1.917142857142857
3.1565567765567764
2.469157509157509
0.5447619047619047
0.13135531135531134
1.8397802197802198
3.3
2.5553846153846154
0.647106227106227
0.28446886446886444
1.872014652014652
3.3
2.4095238095238094
0.4706227106227106
0.16117216117216118
1.9687179487179487
3.071135531135531
2.394212454212454
0.6213186813186813
0.08461538461538462
1.7575824175824175
3.3
2.5167032967032967
0.44
0.2836630036630036
1.9493772893772894
3.1855677655677654
2.4054945054945054
0.7236630036630036
0.4142124542124542
1.7825641025641024
3.2032967032967035
2.5545787545787544
0.34087912087912087
0.1845421245421245
1.9445421245421244
3.3
2.353113553113553
0.518974358974359
0.21838827838827837
1.9397069597069596
3.0364835164835164
2.494139194139194
0.6052014652014651
0.11362637362637361
1.854285714285714
3.3
2.4232234432234434
0.369084249084249
0.09750915750915749
1.9284249084249083
3.3
2.437728937728938
0.6108424908424909
0.24095238095238095
1.7954578754578754
3.2548717948717947
2.441758241758242
0.48915750915750916
0.2610989010989011
1.9945054945054945
3.296776556776557
2.42
0.5818315018315018
0.11443223443223442
1.834139194139194
3.3
2.473186813186813
0.4593406593406593
0.04835164835164835
1.959047619047619
3.3
2.3515018315018312
0.5181684981684982
0.3142857142857143
1.8824908424908424
3.1847619047619045
2.2523809523809524
0.5117216117216117
0.06608058608058608
1.888131868131868
3.3
2.4006593406593404
0.4021245421245421
0.2836630036630036
1.9276190476190476
3.1597802197802194
2.3386080586080586
0.651135531135531
0.16197802197802197
1.8196336996336995
3.2887179487179488
2.48043956043956
0.37150183150183147
0.1668131868131868
1.9945054945054945
3.2903296703296703
2.3144322344322346
0.5165567765567765
0.20388278388278389
1.854285714285714
3.3
2.5030036630036627
0.4593406593406593
0.08461538461538462
1.9445421245421244
3.3
2.382930402930403
0.502051282051282
0.27076923076923076
1.8397802197802198
3.0485714285714285
2.5586080586080584
0.5173626373626373
0.09992673992673992
1.9356776556776556
3.3
2.3297435897435896
0.4569230769230769
0.051575091575091575
1.9356776556776556
3.2452014652014647
2.4506227106227105
0.6559706959706959
0.0684981684981685
1.9074725274725273
3.3
2.476410256410256
0.3706959706959707
0.1942124542124542
1.9816117216117215
3.2935531135531133
2.4296703296703295
0.5689377289377289
0.06527472527472528
1.8397802197802198
3.3
2.4884981684981686
0.40937728937728934
0.22725274725274722
2.007399267399267
3.3
2.357142857142857
0.5093040293040293
0.19985347985347984
1.8784615384615382
3.2226373626373626
2.5215384615384613
0.4464468864468864
0.15230769230769228
1.9735531135531135
3.3
2.2394871794871793
0.47545787545787543
0.2627106227106227
1.8784615384615382
3.248424908424908
2.4288644688644685
0.6833699633699633
0.09106227106227106
1.905054945054945
3.3
2.5424908424908423
0.4424175824175824
0.27802197802197803
1.9679120879120877
3.26051282051282
2.523150183150183
0.531062271062271
0.06446886446886448
1.859120879120879
3.3
2.5078388278388273
0.3231501831501831
0.1708424908424908
2.0267399267399266
3.228278388278388
2.312820512820513
0.6414652014652014
0.040293040293040296
1.8494505494505495
3.3
2.561025641025641
0.4512820512820513
0.3771428571428571
2.0106227106227106
3.299194139194139
2.270915750915751
0.48835164835164835
0.19501831501831499
1.892967032967033
3.1404395604395603
2.452234432234432
0.4964102564102564
0.012893772893772894
1.9654945054945054
3.3
2.4232234432234434
0.4424175824175824
0.2232234432234432
1.942124542124542
3.241978021978022
2.4256410256410255
0.4746520146520146
0.0
1.892967032967033
3.103369963369963
2.432087912087912
0.36827838827838827
0.2731868131868132
2.0396336996336997
3.2347252747252746
2.270915750915751
0.5294505494505495
0.1772893772893773
1.8768498168498169
3.1912087912087914
2.4312820512820514
0.4279120879120879
0.10717948717948718
2.031575091575091
3.3
2.2934798534798535
0.47626373626373625
0.10717948717948718
1.9235897435897436
3.3
2.478021978021978
0.4238827838827839
0.11282051282051282
2.012234432234432
3.258095238095238
2.383736263736264
0.46095238095238095
0.32234432234432236
1.987252747252747
3.2572893772893767
2.3668131868131868
0.5302564102564102
0.35216117216117215
1.913113553113553
3.3
2.4369230769230765
0.3723076923076923
0.24014652014652013
2.049304029304029
3.2806593406593403
2.299120879120879
0.5866666666666667
0.3545787545787546
1.929230769230769
3.3
2.4183882783882784
0.39406593406593404
0.08139194139194138
2.041245421245421
3.256483516483516
2.245128205128205
0.4520879120879121
0.24256410256410255
1.9397069597069596
3.224249084249084
2.4312820512820514
0.49882783882783877
0.07736263736263735
2.015457875457875
3.3
2.3257142857142856
0.39326007326007323
0.30542124542124544
2.033186813186813
3.2548717948717947
2.312820512820513
0.6035897435897436
0.2522344322344322
1.9058608058608058
3.3
2.4554578754578755
0.3884249084249084
0.3021978021978022
2.0364102564102566
3.3
2.2684981684981684
0.5367032967032966
0.3344322344322344
1.9147252747252745
3.3
2.4490109890109886
0.31670329670329667
0.15794871794871793
2.0476923076923077
3.3
2.299120879120879
0.4746520146520146
0.25868131868131866
1.93003663003663
3.256483516483516
2.4224175824175824
0.4673992673992674
0.0419047619047619
1.9727472527472527
3.3
2.3361904761904757
0.1676190476190476
0.3344322344322344
2.0613919413919413
3.1025641025641026
2.2878388278388275
0.5213919413919413
0.21597069597069596
1.8937728937728937
3.19040293040293
2.4095238095238094
0.4021245421245421
0.031428571428571424
2.0646153846153847
3.077582417582417
2.2676923076923075
0.5012454212454213
0.303003663003663
1.938095238095238
3.3
2.42
0.3537728937728937
0.14989010989010987
2.0734798534798533
3.3
2.187912087912088
0.5060805860805861
0.4230769230769231
1.9767765567765567
3.224249084249084
2.315238095238095
0.498021978021978
0.0016117216117216117
1.959047619047619
3.3
2.3265201465201466
0.3231501831501831
0.29816849816849816
2.1347252747252745
3.232307692307692
2.3079853479853476
0.4746520146520146
0.0
1.917142857142857
3.2508424908424907
2.3909890109890113
0.40131868131868126
0.22564102564102564
2.108937728937729
3.2637362637362637
2.2201465201465203
0.5246153846153846
0.3094505494505494
1.925201465201465
3.3
2.327326007326007
0.49157509157509155
0.17809523809523808
2.0259340659340657
3.2895238095238093
2.299120879120879
0.3731135531135531
0.33604395604395604
2.0460805860805857
3.2355311355311356
2.2757509157509155
0.356996336996337
0.13296703296703297
1.9332600732600733
3.3
2.3361904761904757
0.32395604395604394
0.37150183150183147
2.0992673992673994
3.1372161172161173
2.2515750915750914
0.5173626373626373
0.1402197802197802
1.9195604395604395
3.2822710622710622
2.3974358974358974
0.37391941391941386
0.1676190476190476
2.0895970695970694
3.3
2.241904761904762
0.5028571428571428
0.2868864468864469
2.007399267399267
3.2798534798534797
2.378901098901099
0.4126007326007326
0.0
1.9896703296703295
3.2935531135531133
2.3136263736263736
0.4142124542124542
0.3295970695970695
2.0525274725274727
3.125128205128205
2.3023443223443225
0.48271062271062265
0.29413919413919415
1.9848351648351648
3.3
2.2838095238095235
0.298974358974359
0.19824175824175824
2.108937728937729
3.1605860805860804
2.253992673992674
0.5802197802197803
0.29655677655677654
1.991282051282051
3.0324542124542124
2.277362637362637
0.36424908424908425
0.12893772893772895
2.1032967032967034
3.3
2.0428571428571427
0.2796336996336996
0.3497435897435897
2.0307692307692307
3.2178021978021976
2.3595604395604393
0.41904761904761906
0.20227106227106226
2.017069597069597
3.3
2.233040293040293
0.22241758241758242
0.41340659340659336
2.084761904761905
3.3
2.1935531135531137
0.46659340659340653
0.0
1.963076923076923
3.3
2.3321611721611717
0.24417582417582417
0.3304029304029304
2.112967032967033
3.2734065934065932
2.1911355311355307
0.39809523809523806
0.4383882783882783
1.9582417582417582
3.2790476190476188
2.3813186813186813
0.3344322344322344
0.2208058608058608
2.1234432234432234
3.154945054945055
2.1532600732600735
0.44
0.3747252747252747
2.0017582417582416
3.2887179487179488
2.3813186813186813
0.3876190476190476
0.15794871794871793
2.0573626373626372
3.3
2.2556043956043954
0.2610989010989011
0.3481318681318681
2.075897435897436
3.1928205128205125
2.22981684981685
0.4617582417582417
0.17003663003663003
2.004981684981685
3.3
2.3345787545787546
0.34087912087912087
0.27802197802197803
2.1395604395604395
3.2258608058608056
2.121025641025641
0.5068864468864468
0.3312087912087912
1.9936996336996335
3.274212454212454
2.3732600732600733
0.34087912087912087
0.05318681318681318
2.0895970695970694
3.3
2.2717216117216115
0.27802197802197803
0.3723076923076923
2.0904029304029303
3.175897435897436
2.3506959706959707
0.5028571428571428
0.06366300366300366
2.0380219780219777
3.3
2.3055677655677655
0.3352380952380952
0.518974358974359
2.1452014652014655
3.3
2.1846886446886447
0.4657875457875458
0.6704761904761904
2.031575091575091
3.3
2.482051282051282
0.31267399267399265
0.22
2.1395604395604395
3.3
2.220952380952381
0.3731135531135531
0.3150915750915751
2.013040293040293
3.237948717948718
2.3668131868131868
0.39487179487179486
0.1676190476190476
2.116996336996337
3.3
2.22981684981685
0.3295970695970695
0.36344322344322344
2.125860805860806
3.1654212454212454
2.2781684981684984
0.473040293040293
0.09186813186813186
2.0525274725274727
3.183956043956044
2.3257142857142856
0.33201465201465197
0.2909157509157509
2.1613186813186815
3.287106227106227
2.238681318681319
0.5769963369963369
0.12974358974358974
1.967106227106227
3.3
2.341025641025641
0.2949450549450549
0.2482051282051282
2.136336996336996
3.3
2.144395604395604
0.41501831501831504
0.4198534798534798
2.025128205128205
3.1227106227106227
2.4328937728937725
0.37150183150183147
0.2868864468864469
2.1798534798534797
3.3
2.137142857142857
0.3779487179487179
0.3537728937728937
2.0871794871794873
3.2145787545787545
2.116996336996337
0.37391941391941386
0.18937728937728937
2.0364102564102566
3.3
2.2483516483516484
0.2530402930402931
0.24981684981684982
2.1476190476190475
3.2008791208791205
2.2443223443223443
0.4126007326007326
0.36424908424908425
1.9469597069597069
3.3
2.4506227106227105
0.2232234432234432
0.2610989010989011
2.1685714285714286
3.2194139194139195
2.1548717948717946
0.4383882783882783
0.3706959706959707
2.033186813186813
3.198461538461538
2.2604395604395604
0.38036630036630037
0.17648351648351646
2.1637362637362636
3.3
2.1032967032967034
0.3134798534798534
0.3884249084249084
2.084761904761905
3.1315750915750913
2.2604395604395604
0.6116483516483516
0.07252747252747253
2.086373626373626
3.3
2.3716483516483517
0.3537728937728937
0.39809523809523806
2.092014652014652
3.3
2.233040293040293
0.39326007326007323
0.2957509157509157
2.041245421245421
3.296776556776557
2.269304029304029
0.1418315018315018
0.30058608058608055
2.2233699633699633
3.182344322344322
2.1387545787545785
0.435970695970696
0.41904761904761906
2.0573626373626372
3.133992673992674
2.3321611721611717
0.23611721611721612
0.0
2.1774358974358976
3.2645421245421242
2.2161172161172162
0.3021978021978022
0.41018315018315016
2.071868131868132
3.1436630036630033
2.281391941391941
0.4794871794871795
0.024175824175824177
2.1194139194139194
3.3
2.2096703296703297
0.37391941391941386
0.4536996336996337
2.1685714285714286
3.254065934065934
2.2201465201465203
0.249010989010989
0.3094505494505494
2.0734798534798533
3.3
2.225787545787546
0.3352380952380952
0.36989010989010984
2.241098901098901
3.3
2.1532600732600735
0.38600732600732596
0.38278388278388276
2.0428571428571427
3.3
2.3055677655677655
0.14908424908424908
0.2465934065934066
2.1637362637362636
3.3
2.121831501831502
0.4126007326007326
0.16439560439560438
2.162124542124542
3.3
2.233040293040293
0.6285714285714286
0.14747252747252745
2.1685714285714286
3.3
2.2136996336996337
0.07333333333333333
0.3312087912087912
2.1927472527472527
3.3
2.1435897435897435
0.3989010989010989
0.356996336996337
2.0605860805860807
3.3
2.2644688644688644
0.32476190476190475
0.46498168498168496
2.241904761904762
3.187179487179487
2.0936263736263734
0.3465201465201465
0.44
2.10007326007326
3.1194871794871792
2.274945054945055
0.35538461538461535
0.18857142857142856
2.1669597069597066
3.3
2.0605860805860807
0.27076923076923076
0.523003663003663
2.2185347985347983
3.241978021978022
2.1717948717948716
0.3964835164835165
0.32476190476190475
2.0694505494505493
3.2355311355311356
2.133113553113553
0.3876190476190476
0.3843956043956044
2.224981684981685
3.1162637362637358
2.012234432234432
0.4819047619047619
0.369084249084249
2.066227106227106
3.3
2.3635897435897437
0.6342124542124542
0.24256410256410255
2.2282051282051283
3.3
2.1194139194139194
0.3481318681318681
0.40695970695970696
2.1032967032967034
3.167838827838828
2.1854945054945056
0.6164835164835165
0.32395604395604394
2.1895238095238096
3.3
2.2104761904761903
0.26029304029304023
0.435970695970696
2.233040293040293
3.3
2.1556776556776556
0.39567765567765567
0.1635897435897436
2.104908424908425
3.2669597069597067
2.261245421245421
0.21032967032967032
0.2691575091575092
2.241904761904762
3.2258608058608056
2.162124542124542
0.3602197802197802
0.5584615384615385
2.1016849816849814
3.2774358974358972
2.2265934065934063
0.37553113553113554
0.3110622710622711
2.2185347985347983
3.3
2.0267399267399266
0.2852747252747253
0.4794871794871795
2.1194139194139194
3.2178021978021976
2.2225641025641023
0.4037362637362637
0.21838827838827837
2.1411721611721615
3.3
2.194358974358974
0.21677655677655677
0.2788278388278388
2.257216117216117
3.21054945054945
2.1589010989010986
0.4456410256410256
0.17245421245421244
2.0686446886446888
3.3
2.2104761904761903
0.3013919413919414
0.3537728937728937
2.245934065934066
3.2508424908424907
2.125054945054945
0.3763369963369963
0.5068864468864468
2.121025641025641
3.1162637362637358
2.2475457875457874
0.3336263736263736
0.18776556776556777
2.22981684981685
3.2774358974358972
2.096849816849817
0.32395604395604394
0.46014652014652013
2.1854945054945056
3.2226373626373626
2.088791208791209
0.3424908424908425
0.6116483516483516
2.112967032967033
3.3
2.133919413919414
0.2522344322344322
0.29816849816849816
2.265274725274725
3.2258608058608056
1.9663003663003662
0.39406593406593404
0.40534798534798533
2.1024908424908424
3.3
2.1846886446886447
0.27076923076923076
0.33926739926739924
2.2604395604395604
3.3
2.0694505494505493
0.3110622710622711
0.46014652014652013
2.1556776556776556
3.0316483516483514
2.262051282051282
0.5915018315018314
0.12893772893772895
2.2024175824175822
3.3
2.088791208791209
0.2578754578754579
0.32395604395604394
2.245128205128205
3.167838827838828
2.204029304029304
0.4617582417582417
0.3424908424908425
2.1186080586080585
3.3
2.3039560439560436
0.16600732600732598
0.43274725274725273
2.2805860805860805
3.3
2.0460805860805857
0.3497435897435897
0.29978021978021974
2.1387545787545785
3.3
2.187912087912088
0.39003663003662997
0.20146520146520147
2.237875457875458
3.3
2.0525274725274727
0.2868864468864469
0.469010989010989
2.2177289377289378
3.1444688644688643
2.1403663003663
0.3779487179487179
0.24498168498168496
2.1927472527472527
3.0663003663003665
2.1597069597069596
0.17809523809523808
0.3602197802197802
2.2797802197802195
3.2194139194139195
2.0992673992673994
0.3747252747252747
0.40857142857142853
2.132307692307692
3.3
2.0283516483516486
0.26593406593406593
0.35619047619047617
2.3378021978021977
3.2057142857142855
2.0589743589743588
0.2522344322344322
0.5052747252747253
2.1669597069597066
3.3
2.3652014652014652
0.2578754578754579
0.23128205128205126
2.2394871794871793
3.3
2.116996336996337
0.15311355311355312
0.47545787545787543
2.2088644688644687
3.3
2.082344322344322
0.3868131868131868
0.3505494505494505
2.1766300366300366
3.3
2.133113553113553
0.23128205128205126
0.3175091575091575
2.2934798534798535
3.2677655677655677
2.0605860805860807
0.35216117216117215
0.40293040293040294
2.1532600732600735
3.3
2.2161172161172162
0.2063003663003663
0.14505494505494507
2.2781684981684984
3.3
2.0098168498168496
0.356996336996337
0.42146520146520144
2.1226373626373625
3.3
2.249157509157509
0.27076923076923076
0.3384615384615385
2.2838095238095235
3.3
2.104908424908425
0.34007326007326005
0.3545787545787546
2.2475457875457874
3.0824175824175826
2.112161172161172
0.33926739926739924
0.3457142857142857
2.2056410256410257
3.3
2.121831501831502
0.24014652014652013
0.39326007326007323
2.316849816849817
3.192014652014652
2.1395604395604395
0.3312087912087912
0.5528205128205127
2.1871062271062267
3.3
2.0775091575091573
0.2063003663003663
0.4279120879120879
2.341025641025641
3.283076923076923
2.031575091575091
0.3586080586080586
0.4794871794871795
2.1967765567765567
3.2572893772893767
2.136336996336996
0.2635164835164835
0.2852747252747253
2.250769230769231
3.3
1.9719413919413917
0.15230769230769228
0.3529670329670329
2.270915750915751
3.2290842490842486
2.1532600732600735
0.3352380952380952
0.32395604395604394
2.1750183150183147
3.3
1.9195604395604395
0.16036630036630034
0.3706959706959707
2.3297435897435896
3.3
1.983223443223443
0.38036630036630037
0.5923076923076923
2.2032234432234428
3.3
2.17018315018315
0.2627106227106227
0.28285714285714286
2.323296703296703
3.244395604395604
2.0831501831501833
0.22241758241758242
0.4464468864468864
2.2104761904761903
3.3
2.1427838827838825
0.30461538461538457
0.32234432234432236
2.2975091575091575
3.3
2.0501098901098898
0.09428571428571428
0.44483516483516483
2.245934065934066
3.1936263736263735
2.211282051282051
0.37553113553113554
0.19743589743589743
2.2781684981684984
3.3
2.0565567765567767
0.1241025641025641
0.3199267399267399
2.349084249084249
3.2403663003663
1.996117216117216
0.3706959706959707
0.7309157509157509
2.187912087912088
3.3
2.1427838827838825
0.0
0.37391941391941386
2.3643956043956043
3.2572893772893767
1.9799999999999998
0.31186813186813184
0.44886446886446885
2.2032234432234428
3.3
2.1846886446886447
0.28205128205128205
0.38036630036630037
2.3466666666666667
3.3
2.0243223443223446
0.24498168498168496
0.6463003663003662
2.2515750915750914
3.192014652014652
1.9348717948717946
0.37875457875457874
0.20146520146520147
2.2684981684981684
3.3
2.009010989010989
0.1232967032967033
0.444029304029304
2.345054945054945
3.2927472527472528
1.9977289377289378
0.36827838827838827
0.44886446886446885
2.1516483516483516
3.3
2.0557509157509157
0.1394139194139194
0.3586080586080586
2.344249084249084
3.3
2.1411721611721615
0.31186813186813184
0.44
2.1871062271062267
3.3
2.0912087912087913
0.20307692307692304
0.29010989010989013
2.3764835164835163
3.3
2.1016849816849814
0.2651282051282051
0.4778754578754578
2.253992673992674
3.3
2.121025641025641
0.3183150183150183
0.28849816849816845
2.3136263736263736
3.3
2.0976556776556774
0.2578754578754579
0.48754578754578753
2.3603663003663002
3.1694505494505494
2.1572893772893775
0.36666666666666664
0.39084249084249084
2.2056410256410257
3.3
2.241904761904762
0.16923076923076924
0.38600732600732596
2.383736263736264
3.2089377289377286
1.9405128205128204
0.3263736263736264
0.31670329670329667
2.245934065934066
3.3
1.93003663003663
0.1813186813186813
0.023369963369963366
2.3184615384615386
3.3
1.9646886446886447
0.23208791208791207
0.4569230769230769
2.2781684981684984
3.258095238095238
2.125054945054945
0.24014652014652013
0.4158241758241758
2.3136263736263736
3.3
1.8333333333333333
0.13377289377289375
0.5173626373626373
2.299120879120879
3.1968498168498165
2.117802197802198
0.361025641025641
0.2345054945054945
2.250769230769231
3.3
2.074285714285714
0.30542124542124544
0.44886446886446885
2.3934065934065933
3.1347985347985348
1.8873260073260072
0.3199267399267399
0.4061538461538461
2.2136996336996337
3.266153846153846
2.0952380952380953
0.28124542124542123
0.3376556776556776
2.3555311355311352
3.174285714285714
1.9445421245421244
0.1635897435897436
0.5157509157509158
2.2862271062271065
3.26051282051282
2.1315018315018315
0.21274725274725273
0.2675457875457875
2.3926007326007324
3.3
1.9856410256410255
0.19018315018315018
0.2514285714285714
2.2902564102564105
3.232307692307692
1.9187545787545786
0.3416849816849816
0.36747252747252745
2.2926739926739925
3.3
1.9864468864468865
0.1813186813186813
0.36747252747252745
2.4264468864468864
3.1807326007326004
1.9397069597069596
0.32234432234432236
0.17487179487179486
2.2136996336996337
3.3
2.113772893772894
0.18937728937728937
0.49963369963369964
2.411941391941392
3.2387545787545786
1.8599267399267398
0.2328937728937729
0.539120879120879
2.2999267399267396
3.2774358974358972
2.071868131868132
0.25465201465201465
0.47545787545787543
2.382930402930403
3.167032967032967
1.8405860805860805
0.18695970695970693
0.4279120879120879
2.249157509157509
3.069523809523809
2.000952380952381
0.3110622710622711
0.361025641025641
2.2354578754578753
3.3
2.0396336996336997
0.1345787545787546
0.3529670329670329
2.3321611721611717
3.3
1.8752380952380951
0.36989010989010984
0.4230769230769231
2.207252747252747
3.3
2.132307692307692
0.1805128205128205
0.40695970695970696
2.4167765567765565
3.2572893772893767
1.751941391941392
0.18534798534798536
0.5318681318681319
2.3160439560439556
3.248424908424908
2.1572893772893775
0.28608058608058606
0.3038095238095238
2.3603663003663002
3.3
1.8309157509157508
0.08703296703296702
0.697069597069597
2.3547252747252747
3.3
1.7865934065934064
0.3271794871794872
0.7438095238095237
2.283003663003663
3.3
2.0227106227106226
0.1402197802197802
0.4867399267399267
2.4071062271062273
3.187179487179487
1.9614652014652014
0.33604395604395604
0.4416117216117216
2.2564102564102564
3.287106227106227
2.0202930402930406
0.14263736263736265
0.4617582417582417
2.4135531135531134
3.3
1.971135531135531
0.249010989010989
0.5721611721611721
2.287032967032967
3.025201465201465
2.0525274725274727
0.2530402930402931
0.39164835164835166
2.406300366300366
3.3
1.892967032967033
0.07978021978021978
0.5221978021978022
2.3909890109890113
3.2097435897435895
2.029157509157509
0.33201465201465197
0.2796336996336996
2.257216117216117
3.3
1.9356776556776556
0.16923076923076924
0.33926739926739924
2.46029304029304
3.2597069597069597
1.9243956043956043
0.2949450549450549
0.5955311355311355
2.3104029304029305
3.232307692307692
2.3104029304029305
0.20065934065934063
0.3747252747252747
2.3853479853479853
3.3
1.7914285714285714
0.2071062271062271
0.5794139194139194
2.3515018315018312
3.03003663003663
2.1677655677655676
0.2788278388278388
0.2643223443223443
2.2805860805860805
3.3
1.8792673992673992
0.11765567765567765
0.5294505494505495
2.4393406593406595
2.9744322344322343
1.854285714285714
0.2530402930402931
0.38520146520146514
2.3120146520146516
3.0324542124542124
1.999340659340659
0.17648351648351646
0.3706959706959707
2.4216117216117214
3.1194871794871792
1.9453479853479854
0.25062271062271063
0.6253479853479853
2.2838095238095235
3.2548717948717947
2.0460805860805857
0.19582417582417583
0.3602197802197802
2.4546520146520145
3.3
1.7696703296703296
0.1942124542124542
0.3481318681318681
2.4054945054945054
3.258095238095238
2.0638095238095238
0.31589743589743585
0.5568498168498168
2.2201465201465203
3.3
1.8438095238095238
0.07413919413919413
0.535091575091575
2.4328937728937725
3.1484981684981683
1.9469597069597069
0.29816849816849816
0.4617582417582417
2.328937728937729
3.3
1.9042490842490842
0.13296703296703297
0.37150183150183147
2.46029304029304
3.138021978021978
1.743882783882784
0.2522344322344322
0.6293772893772893
2.319267399267399
3.2838827838827838
2.0444688644688647
0.17406593406593404
0.4142124542124542
2.4183882783882784
3.3
1.7583882783882783
0.20952380952380953
0.5334798534798535
2.4208058608058605
3.241978021978022
1.9364835164835164
0.2643223443223443
0.2482051282051282
2.323296703296703
3.3
1.8994139194139192
0.10315018315018315
0.44080586080586076
2.483663003663003
3.248424908424908
1.747912087912088
0.2772161172161172
0.4867399267399267
2.3466666666666667
3.2145787545787545
2.17018315018315
0.12087912087912088
0.4351648351648352
2.489304029304029
3.3
1.7873992673992674
0.20871794871794871
0.5890842490842491
2.387765567765568
3.175897435897436
1.9864468864468865
0.22805860805860806
0.2675457875457875
2.3418315018315017
3.3
1.859120879120879
0.09992673992673992
0.5560439560439561
2.4248351648351645
3.2049084249084245
1.8083516483516484
0.2691575091575092
0.5842490842490843
2.34021978021978
3.3
1.822051282051282
0.11120879120879121
0.46659340659340653
2.4610989010989006
3.258095238095238
1.991282051282051
0.2482051282051282
0.5093040293040293
2.361172161172161
3.2145787545787545
2.035604395604395
0.16036630036630034
0.4819047619047619
2.4248351648351645
3.3
2.0444688644688647
0.12732600732600732
0.6148717948717949
2.3909890109890113
3.182344322344322
2.2596336996336994
0.2852747252747253
0.298974358974359
2.3772893772893773
3.3
2.2177289377289378
0.12168498168498168
