0.44805860805860803
2.9808791208791208
0.34087912087912087
3.0356776556776555
0.4295238095238095
2.884175824175824
0.61003663003663
2.7544322344322345
0.6358241758241758
2.8189010989010987
0.4198534798534798
2.9905494505494503
0.3255677655677655
3.011501831501831
0.4279120879120879
2.858388278388278
0.6108424908424909
2.723003663003663
0.6374358974358973
2.771355311355311
0.4561172161172161
2.984102564102564
0.35538461538461535
3.026007326007326
0.38036630036630037
2.8213186813186812
0.618095238095238
2.735897435897436
0.6656410256410256
2.7810256410256406
0.4536996336996337
2.942197802197802
0.35780219780219774
3.003443223443223
0.4126007326007326
2.792307692307692
0.6076190476190476
2.7125274725274724
0.6342124542124542
2.725421245421245
0.5584615384615385
2.94058608058608
0.37875457875457874
3.017948717948718
0.39084249084249084
2.934139194139194
0.5874725274725274
2.711721611721612
0.6527472527472528
2.705274725274725
0.5125274725274724
2.9470329670329667
0.39084249084249084
2.984908424908425
0.37553113553113554
2.9454212454212456
0.5882783882783883
2.71010989010989
0.6640293040293039
2.7109157509157504
0.5375091575091575
2.9099633699633696
0.41904761904761906
2.996996336996337
0.40293040293040294
2.8454945054945053
0.6261538461538462
2.7068864468864464
0.643076923076923
2.695604395604396
0.5697435897435897
2.896263736263736
0.3989010989010989
2.9760439560439558
0.37956043956043956
2.9413919413919416
0.5665201465201466
2.709304029304029
0.6962637362637362
2.6778754578754578
0.6326007326007326
2.8019780219780217
0.4295238095238095
2.9704029304029302
0.40937728937728934
2.9413919413919416
0.61003663003663
2.7165567765567764
0.6825641025641025
2.6827106227106223
0.635018315018315
2.851941391941392
0.4222710622710622
2.934139194139194
0.39809523809523806
2.916410256410256
0.5471794871794872
2.71978021978022
0.6632234432234432
2.6714285714285713
0.689010989010989
2.8164835164835167
0.45289377289377286
2.9663736263736262
0.40937728937728934
2.9357509157509156
0.5753846153846154
2.713333333333333
0.6906227106227106
2.6682051282051282
0.672893772893773
2.809230769230769
0.4746520146520146
2.9389743589743587
0.41501831501831504
2.908351648351648
0.5818315018315018
2.6778754578754578
0.7043223443223443
2.6585347985347982
0.6817582417582417
2.848717948717949
0.4456410256410256
2.9518681318681317
0.435970695970696
2.886593406593406
0.5649084249084249
2.71978021978022
0.7107692307692307
2.6448351648351647
0.7035164835164834
2.8293772893772893
0.46417582417582415
2.934139194139194
0.42146520146520144
2.85032967032967
0.5890842490842491
2.6875457875457878
0.718021978021978
2.639194139194139
0.6857875457875457
2.795531135531135
0.5028571428571428
2.9389743589743587
0.4391941391941392
2.9156043956043955
0.5463736263736264
2.703663003663004
0.7389743589743589
2.6295238095238096
0.6914285714285714
2.8148717948717947
0.47545787545787543
2.921245421245421
0.44805860805860803
2.8616117216117214
0.5842490842490843
2.6488644688644687
0.7164102564102564
2.626300366300366
0.6817582417582417
2.8148717948717947
0.5294505494505495
2.90029304029304
0.4569230769230769
2.872893772893773
0.6108424908424909
2.6585347985347982
0.7349450549450549
2.6198534798534796
0.7325274725274725
2.755238095238095
0.5375091575091575
2.8954578754578755
0.4577289377289377
2.896263736263736
0.5657142857142857
2.685934065934066
0.7228571428571429
2.6117948717948716
0.7454212454212454
2.7004395604395603
0.5552380952380952
2.9059340659340656
0.4561172161172161
2.8873992673992674
0.5407326007326007
2.751208791208791
0.7349450549450549
2.594065934065934
0.7599267399267399
2.655311355311355
0.5761904761904761
2.8326007326007328
0.47706959706959706
2.882564102564102
0.5818315018315018
2.7205860805860804
0.7357509157509157
2.606153846153846
0.7558974358974359
2.618241758241758
0.6785347985347985
2.7939194139194137
0.49399267399267394
2.864835164835165
0.498021978021978
2.7729670329670326
0.6906227106227106
2.606959706959707
0.7567032967032966
2.5860073260073255
0.7083516483516483
2.772161172161172
0.5133333333333333
2.860805860805861
0.498021978021978
2.7487912087912085
0.7276923076923076
2.598901098901099
0.7849084249084248
2.590842490842491
0.6978754578754578
2.739120879120879
0.4859340659340659
2.855164835164835
0.5342857142857143
2.733479853479853
0.7550915750915751
2.5755311355311354
0.8106959706959707
2.60051282051282
0.6640293040293039
2.8180952380952378
0.5125274725274724
2.8632234432234434
0.4972161172161172
2.71978021978022
0.7325274725274725
2.578754578754579
0.8042490842490841
2.564249084249084
0.7091575091575092
2.768131868131868
0.5302564102564102
2.855164835164835
0.5157509157509158
2.771355311355311
0.7494505494505495
2.56021978021978
0.8115018315018315
2.5618315018315014
0.689010989010989
2.796336996336996
0.5254212454212454
2.797142857142857
0.5173626373626373
2.7084981684981684
0.7921611721611721
2.5634432234432234
0.8179487179487179
2.623076923076923
0.647106227106227
2.795531135531135
0.5399267399267399
2.8326007326007328
0.5786080586080586
2.6633699633699632
0.792967032967033
2.548131868131868
0.8211721611721611
2.622271062271062
0.6696703296703296
2.789084249084249
0.5463736263736264
2.826153846153846
0.5947252747252747
2.685934065934066
0.7534798534798535
2.54007326007326
0.8397069597069596
2.5215384615384613
0.672893772893773
2.7246153846153844
0.5608791208791208
2.826153846153846
0.5721611721611721
2.685934065934066
0.7913553113553113
2.561025641025641
0.8429304029304029
2.552161172161172
0.6745054945054945
2.771355311355311
0.5544322344322344
2.7939194139194137
0.5882783882783883
2.6496703296703297
0.7865201465201465
2.531208791208791
0.8179487179487179
2.5505494505494504
0.7502564102564102
2.745567765567765
0.5810256410256409
2.8003663003663
0.5778021978021978
2.6778754578754578
0.7961904761904761
2.5070329670329667
0.8558241758241758
2.5223443223443223
0.7784615384615384
2.7423443223443225
0.5810256410256409
2.8027838827838827
0.5915018315018314
2.6714285714285713
0.7913553113553113
2.51025641025641
0.8614652014652014
2.4989743589743587
0.7365567765567765
2.71978021978022
0.5955311355311355
2.7987545787545787
0.5761904761904761
2.673040293040293
0.7679853479853479
2.506227106227106
0.8969230769230768
2.535238095238095
0.7808791208791208
2.711721611721612
0.6035897435897436
2.779413919413919
0.5939194139194139
2.6585347985347982
0.7921611721611721
2.4989743589743587
0.8791941391941391
2.5215384615384613
0.7687912087912088
2.714945054945055
0.6003663003663003
2.7858608058608056
0.6277655677655677
2.622271062271062
0.8324542124542124
2.501391941391941
0.888058608058608
2.478021978021978
0.7131868131868132
2.6617582417582417
0.643076923076923
2.768131868131868
0.6334065934065933
2.6295238095238096
0.8284249084249083
2.484468864468864
0.9428571428571428
2.494139194139194
0.7695970695970696
2.707692307692308
0.6317948717948717
2.752014652014652
0.6382417582417582
2.6037362637362635
0.8566300366300366
2.482051282051282
0.9098168498168497
2.497362637362637
0.7671794871794871
2.697216117216117
0.6245421245421245
2.7463736263736265
0.6317948717948717
2.643223443223443
0.8654945054945055
2.4425641025641025
0.8985347985347986
2.5054212454212452
0.7284981684981685
2.705274725274725
0.6156776556776556
2.747179487179487
0.7438095238095237
2.544908424908425
0.8614652014652014
2.452234432234432
0.9178754578754579
2.5424908424908423
0.7293040293040293
2.737509157509157
0.6358241758241758
2.7326739926739925
0.6986813186813187
2.5392673992673993
0.9178754578754579
2.437728937728938
0.921098901098901
2.4957509157509152
0.738168498168498
2.6907692307692304
0.6334065934065933
2.7205860805860804
0.7502564102564102
2.51025641025641
0.917069597069597
2.432087912087912
0.9227106227106228
2.5223443223443223
0.6994871794871794
2.6883516483516483
0.680952380952381
2.705274725274725
0.7647619047619048
2.49010989010989
0.9283516483516483
2.4224175824175824
0.9323809523809523
2.5634432234432234
0.6986813186813187
2.697216117216117
0.6616117216117215
2.6827106227106223
0.7655677655677655
2.473186813186813
0.9565567765567765
2.4409523809523805
0.9356043956043956
2.5005860805860807
0.7526739926739926
2.7326739926739925
0.6664468864468864
2.6682051282051282
0.8123076923076922
2.42
0.9484981684981685
2.3926007326007324
0.917069597069597
2.5038095238095233
0.7204395604395604
2.6843223443223443
0.6817582417582417
2.6665934065934063
0.8389010989010989
2.4514285714285715
0.9694505494505493
2.3974358974358974
0.9202930402930403
2.5618315018315014
0.7115750915750915
2.646446886446886
0.684981684981685
2.6577289377289377
0.8252014652014652
2.4135531135531134
0.9605860805860805
2.3805128205128203
0.9323809523809523
2.5715018315018314
0.7244688644688644
2.6843223443223443
0.6938461538461538
2.63032967032967
0.8936996336996337
2.4006593406593404
1.0032967032967033
2.4071062271062273
0.8816117216117215
2.606959706959707
0.7164102564102564
2.6778754578754578
0.7438095238095237
2.5255677655677653
0.954945054945055
2.37970695970696
1.0016849816849815
2.3813186813186813
0.805054945054945
2.622271062271062
0.718021978021978
2.6536996336996337
0.7558974358974359
2.481245421245421
0.9452747252747252
2.3587545787545787
1.0081318681318683
2.41032967032967
0.784102564102564
2.635164835164835
0.718021978021978
2.635164835164835
0.9057875457875457
2.432087912087912
1.0016849816849815
2.3587545787545787
0.9299633699633699
2.532820512820513
0.73010989010989
2.639194139194139
0.7284981684981685
2.532014652014652
0.9742857142857142
2.353113553113553
1.0169963369963368
2.39018315018315
0.8300366300366301
2.586813186813187
0.7147985347985347
2.61018315018315
0.8985347985347986
2.4296703296703295
1.0065201465201465
2.3418315018315017
0.9847619047619047
2.5183150183150182
0.7526739926739926
2.618241758241758
0.7679853479853479
2.536043956043956
0.9799267399267398
2.3418315018315017
1.0443956043956044
2.3297435897435896
0.9065934065934066
2.564249084249084
0.7405860805860806
2.605347985347985
0.7744322344322344
2.415970695970696
1.0323076923076924
2.320879120879121
1.0242490842490843
2.441758241758242
0.8284249084249083
2.594065934065934
0.7550915750915751
2.568278388278388
0.958974358974359
2.3458608058608057
1.0597069597069597
2.3224908424908426
0.9227106227106228
2.56021978021978
0.7567032967032966
2.626300366300366
0.8461538461538461
2.4224175824175824
1.0178021978021976
2.3160439560439556
1.0532600732600732
2.382930402930403
0.8437362637362638
2.574725274725275
0.7695970695970696
2.582783882783883
0.8832234432234431
2.353113553113553
1.0532600732600732
2.287032967032967
1.033113553113553
2.464322344322344
0.8163369963369963
2.581172161172161
0.8002197802197801
2.5295970695970693
1.0202197802197803
2.3216849816849816
1.104029304029304
2.3200732600732596
0.9484981684981685
2.5183150183150182
0.7921611721611721
2.5835897435897435
0.8284249084249083
2.382930402930403
1.1080586080586081
2.270915750915751
1.0685714285714285
2.3378021978021977
0.8493772893772893
2.5416849816849814
0.8139194139194139
2.5199267399267398
0.9726739926739927
2.2999267399267396
1.1048351648351649
2.2644688644688644
1.0234432234432234
2.5078388278388273
0.8171428571428571
2.552161172161172
0.8268131868131867
2.4216117216117214
1.0887179487179488
2.261245421245421
1.095164835164835
2.3104029304029305
0.8816117216117215
2.523150183150183
0.8098901098901099
2.536043956043956
0.9791208791208791
2.343443223443223
1.0975824175824174
2.241098901098901
1.0943589743589743
2.339413919413919
0.8671062271062271
2.532820512820513
0.8284249084249083
2.497362637362637
1.0516483516483517
2.2676923076923075
1.1120879120879121
2.277362637362637
0.9742857142857142
2.4296703296703295
0.8405128205128204
2.536043956043956
0.921098901098901
2.3136263736263736
1.120952380952381
2.2193406593406593
1.1136996336996337
2.3539194139194137
0.88
2.502197802197802
0.8453479853479853
2.457875457875458
1.0838827838827838
2.2394871794871793
1.1596336996336996
2.2435164835164834
0.938021978021978
2.452234432234432
0.8300366300366301
2.5038095238095233
0.9186813186813186
2.295091575091575
1.1354578754578755
2.2177289377289378
1.1370695970695972
2.323296703296703
0.88
2.4909157509157507
0.8695238095238095
2.445787545787546
1.058095238095238
2.258827838827839
1.1499633699633698
2.2161172161172162
1.0145787545787546
2.37003663003663
0.8928937728937728
2.489304029304029
0.8654945054945055
2.324908424908425
1.1153113553113552
2.2032234432234428
1.1620512820512818
2.281391941391941
0.9468864468864469
2.452234432234432
0.8727472527472526
2.4828571428571427
1.07018315018315
2.258021978021978
1.1628571428571428
2.1895238095238096
1.0967765567765568
2.357142857142857
0.8969230769230768
2.469157509157509
0.88
2.4127472527472524
1.112893772893773
2.2136996336996337
1.1773626373626374
2.2024175824175822
1.0613186813186812
2.41032967032967
0.8936996336996337
2.476410256410256
0.9904029304029304
2.319267399267399
1.1660805860805858
2.1935531135531137
1.1725274725274726
2.262051282051282
0.9613919413919413
2.444175824175824
0.9025641025641026
2.4232234432234434
1.0492307692307692
2.2225641025641023
1.1926739926739927
2.1734065934065936
1.1499633699633698
2.3805128205128203
0.9178754578754579
2.452234432234432
0.9452747252747252
2.3023443223443225
1.187032967032967
2.1717948717948716
1.2055677655677657
2.2846153846153845
1.0169963369963368
2.4345054945054945
0.9082051282051282
2.4393406593406595
1.0653479853479852
2.2136996336996337
1.2015384615384617
2.1572893772893775
1.1813919413919414
2.347472527472527
0.9452747252747252
2.4264468864468864
0.9412454212454212
2.3563369963369962
1.1273992673992674
2.1871062271062267
1.220879120879121
2.1548717948717946
1.1241758241758242
2.3635897435897437
0.9404395604395605
2.41032967032967
0.9509157509157509
2.2821978021978024
1.2047619047619047
2.1435897435897435
1.224908424908425
2.1637362637362636
1.066153846153846
2.374065934065934
0.9364102564102564
2.3909890109890113
1.0403663003663004
2.198388278388278
1.220879120879121
2.136336996336996
1.2192673992673992
2.2684981684981684
0.9718681318681318
2.394212454212454
0.9509157509157509
2.3619780219780218
1.1451282051282052
2.1452014652014655
1.2418315018315016
2.137948717948718
1.1072527472527471
2.3257142857142856
0.9283516483516483
2.402271062271062
1.0242490842490843
2.2096703296703297
1.2386080586080586
2.1226373626373625
1.2563369963369964
2.316849816849817
1.0484249084249084
2.382930402930403
0.9525274725274725
2.341025641025641
1.1306227106227105
2.1717948717948716
1.266007326007326
2.116996336996337
1.1539926739926738
2.316849816849817
0.9815384615384615
2.3732600732600733
1.066153846153846
2.2346520146520144
1.1886446886446886
2.1097435897435894
1.2845421245421245
2.137948717948718
1.0895238095238093
2.3652014652014652
0.9581684981684981
2.3458608058608057
1.1354578754578755
2.1766300366300366
1.2756776556776557
2.0952380952380953
1.2676190476190474
2.238681318681319
1.00007326007326
2.347472527472527
1.00007326007326
2.265274725274725
1.2305494505494503
2.1032967032967034
1.294212454212454
2.0678388278388278
1.191062271062271
2.2975091575091575
0.9654212454212453
2.347472527472527
1.0572893772893772
2.2136996336996337
1.2708424908424907
2.076703296703297
1.2966300366300365
2.2
1.066959706959707
2.3200732600732596
1.0016849816849815
2.3104029304029305
1.1660805860805858
2.1153846153846154
1.2917948717948717
2.0638095238095238
1.24021978021978
2.241098901098901
0.9452747252747252
2.3361904761904757
1.0597069597069597
2.2322344322344323
1.2708424908424907
2.0646153846153847
1.3079120879120878
2.113772893772894
1.1580219780219778
2.303150183150183
1.0226373626373626
2.323296703296703
1.1112820512820512
2.12021978021978
1.3208058608058608
2.0428571428571427
1.3514285714285712
2.2104761904761903
1.058095238095238
2.3297435897435896
1.0516483516483517
2.2354578754578753
1.2716483516483517
2.0734798534798533
1.39010989010989
2.0509157509157507
1.2563369963369964
2.249157509157509
1.033113553113553
2.327326007326007
1.1008058608058608
2.1097435897435894
1.3272527472527471
2.0243223443223446
1.345787545787546
2.076703296703297
1.104029304029304
2.2975091575091575
1.0508424908424907
2.281391941391941
1.2506959706959706
2.07025641025641
1.3562637362637362
2.015457875457875
1.2917948717948717
2.2201465201465203
1.0443956043956044
2.3087912087912086
1.1193406593406594
2.1411721611721615
1.3272527472527471
2.0138461538461536
1.3756043956043955
2.0509157509157507
1.2055677655677657
2.254798534798535
1.0693772893772893
2.307179487179487
1.261978021978022
2.0944322344322344
1.357875457875458
2.003369963369963
1.365128205128205
2.125054945054945
1.1217582417582417
2.2556043956043954
1.0717948717948718
2.1613186813186815
1.3087179487179488
2.0283516483516486
1.3925274725274723
1.988058608058608
1.2676190476190474
2.19032967032967
1.0983882783882783
2.250769230769231
1.1201465201465202
2.1411721611721615
1.353040293040293
1.9888644688644688
1.3884981684981683
2.0243223443223446
1.1902564102564102
2.2136996336996337
1.0943589743589743
2.2523809523809524
1.2515018315018314
2.0710622710622713
1.4336263736263737
1.9598534798534797
1.3627106227106225
2.1411721611721615
1.1556043956043955
2.233040293040293
1.1306227106227105
2.154065934065934
1.3562637362637362
1.979194139194139
1.4223443223443224
1.9743589743589745
1.2684249084249084
2.1669597069597066
1.1225641025641024
2.2185347985347983
1.224102564102564
2.0501098901098898
1.4255677655677654
1.9558241758241757
1.4013919413919413
2.0750915750915753
1.1564102564102565
2.207252747252747
1.1499633699633698
2.2201465201465203
1.3046886446886445
1.9767765567765567
1.4046153846153846
1.93003663003663
1.3594871794871795
2.12989010989011
1.1564102564102565
2.2185347985347983
1.1306227106227105
2.0686446886446888
1.3949450549450548
1.9356776556776556
1.4553846153846153
1.9808058608058607
1.299047619047619
2.1637362637362636
1.1386813186813185
2.2
1.253113553113553
2.0468864468864467
1.4207326007326007
1.9284249084249083
1.4046153846153846
2.007399267399267
1.203956043956044
2.1871062271062267
1.1821978021978021
2.1468131868131866
1.3272527472527471
1.9356776556776556
1.461025641025641
1.929230769230769
1.3667399267399265
2.1153846153846154
1.1725274725274726
2.194358974358974
1.1733333333333333
2.0219047619047616
1.419120879120879
1.8550915750915749
1.461025641025641
1.9534065934065934
1.2805128205128204
2.1508424908424906
1.1781684981684981
2.1556776556776556
1.2837362637362637
1.971135531135531
1.4465201465201465
1.8897435897435897
1.4795604395604394
2.0476923076923077
1.2055677655677657
2.1717948717948716
1.2136263736263737
2.108131868131868
1.3949450549450548
1.9203663003663003
1.4827838827838828
1.9332600732600733
1.357069597069597
2.112161172161172
1.1878388278388279
2.1854945054945056
1.2643956043956044
2.004981684981685
1.472307692307692
1.872014652014652
1.465054945054945
1.967106227106227
1.2547252747252746
2.146007326007326
1.2152380952380952
2.1032967032967034
1.3949450549450548
1.8994139194139192
1.5061538461538462
1.8607326007326006
1.4070329670329669
2.0895970695970694
1.1983150183150182
2.1427838827838825
1.2643956043956044
2.0460805860805857
1.465054945054945
1.859120879120879
1.5037362637362635
1.8744322344322342
1.323223443223443
2.1105494505494504
1.2104029304029302
2.113772893772894
1.3175824175824176
1.9002197802197802
1.5093772893772892
1.8349450549450548
1.5174358974358972
2.0380219780219777
1.2176556776556777
2.116190476190476
1.2539194139194136
1.967106227106227
1.5158241758241757
1.8438095238095238
1.5158241758241757
1.858315018315018
1.423956043956044
2.080732600732601
1.2273260073260073
2.1153846153846154
1.2934065934065935
1.971135531135531
1.5545054945054944
1.8405860805860805
1.5448351648351648
1.901025641025641
1.3248351648351648
2.0895970695970694
1.203150183150183
2.0517216117216117
1.427179487179487
1.8446153846153845
1.5496703296703296
1.8091575091575092
1.456996336996337
2.062197802197802
1.2506959706959706
2.0952380952380953
1.2893772893772895
1.9155311355311353
1.5206593406593405
1.8010989010989011
1.5335531135531135
1.938095238095238
1.3167765567765568
2.071868131868132
1.2893772893772895
2.041245421245421
1.4038095238095236
1.8156043956043955
1.5625641025641026
1.7962637362637361
1.5085714285714285
2.008205128205128
1.2708424908424907
2.07025641025641
1.29018315018315
1.921172161172161
1.5416117216117216
1.8067399267399267
1.58996336996337
1.8325274725274725
1.3828571428571428
2.0186813186813186
1.2764835164835164
2.071868131868132
1.4368498168498167
1.8268864468864467
1.5722344322344322
1.776117216117216
1.4908424908424909
1.9195604395604395
1.298241758241758
2.071868131868132
1.332087912087912
1.9348717948717946
1.5504761904761903
1.7922344322344321
1.6093040293040293
1.85025641025641
1.4142857142857144
2.0025641025641026
1.3054945054945055
2.0678388278388278
1.4578021978021978
1.858315018315018
1.598021978021978
1.7575824175824175
1.5561172161172159
1.913919413919414
1.3385347985347984
2.0259340659340657
1.3345054945054944
1.9638827838827837
1.5279120879120878
1.7495238095238093
1.6197802197802198
1.751135531135531
1.4787545787545788
1.983223443223443
1.3119413919413918
2.0299633699633697
1.3361172161172161
1.8317216117216117
1.5947985347985347
1.6818315018315018
1.5964102564102562
1.8236630036630035
1.4175091575091574
2.007399267399267
1.3280586080586079
2.0057875457875456
1.4852014652014651
1.747106227106227
1.6318681318681318
1.7543589743589743
1.523076923076923
1.9469597069597069
1.340952380952381
2.025128205128205
1.3852747252747253
1.8325274725274725
1.6109157509157508
1.718095238095238
1.627032967032967
1.8099633699633697
1.4223443223443224
1.9719413919413917
1.3385347985347984
1.9936996336996335
1.4739194139194138
1.7664468864468863
1.6415384615384614
1.7205128205128206
1.5867399267399267
1.9058608058608058
1.3691575091575092
2.000952380952381
1.4030036630036629
1.8510622710622708
1.6367032967032966
1.709230769230769
1.6495970695970694
1.7454945054945052
1.439267399267399
1.9638827838827837
1.365934065934066
1.9767765567765567
1.4819780219780219
1.7358241758241757
1.6721611721611722
1.7124542124542124
1.6286446886446884
1.8712087912087911
1.386080586080586
1.9799999999999998
1.4013919413919413
1.8373626373626373
1.6455677655677654
1.6826373626373625
1.6697435897435897
1.8010989010989011
1.4553846153846153
1.9364835164835164
1.3772161172161173
1.9493772893772894
1.5625641025641026
1.7398534798534797
1.6850549450549448
1.6931135531135528
1.618974358974359
1.8945787545787545
1.4142857142857144
1.9485714285714284
1.4183150183150184
1.8309157509157508
1.6512087912087912
1.6987545787545786
1.6850549450549448
1.7317948717948717
1.472307692307692
1.921172161172161
1.3788278388278385
1.9816117216117215
1.4618315018315018
1.7100366300366299
1.6383150183150181
1.6826373626373625
1.6487912087912087
1.8655677655677656
1.419120879120879
1.9227838827838826
1.436043956043956
1.8067399267399267
1.6447619047619046
1.6463736263736264
1.7172893772893771
1.6915018315018315
1.5424175824175823
1.888131868131868
1.4158974358974357
1.9332600732600733
1.5198534798534797
1.6657142857142855
1.7189010989010989
1.647985347985348
1.6721611721611722
1.8446153846153845
1.4134798534798534
1.93003663003663
1.4739194139194138
1.8051282051282052
1.6769963369963368
1.6205860805860803
1.7334065934065932
1.6632967032967032
1.5375824175824175
1.8897435897435897
1.4537728937728938
1.9195604395604395
1.5134065934065932
1.6834432234432235
1.7108424908424908
1.569010989010989
1.6979487179487178
1.7366300366300367
1.472307692307692
1.909084249084249
1.4408791208791207
1.8373626373626373
1.605274725274725
1.6334798534798534
1.7495238095238093
1.647985347985348
1.6552380952380952
1.8567032967032966
1.4868131868131869
1.8913553113553112
1.5303296703296703
1.6842490842490843
1.73018315018315
1.5915750915750915
1.7414652014652012
1.7277655677655677
1.510989010989011
1.8736263736263736
1.468278388278388
1.876043956043956
1.6931135531135528
1.6117216117216118
1.7704761904761903
1.6157509157509158
1.6939194139194138
1.8349450549450548
1.4787545787545788
1.8712087912087911
1.5134065934065932
1.6624908424908424
1.7495238095238093
1.5843223443223442
1.76
1.7688644688644688
1.5279120879120878
1.854285714285714
1.4779487179487178
1.7882051282051281
1.7003663003663003
1.5883516483516482
1.7043956043956043
1.6334798534798534
1.581904761904762
1.8091575091575092
1.4916483516483514
1.8478388278388278
1.5947985347985347
1.585934065934066
1.7753113553113553
1.5665934065934066
1.7809523809523808
1.7124542124542124
1.5206593406593405
1.8494505494505495
1.464249084249084
1.735018315018315
1.7285714285714286
1.5126007326007325
1.7753113553113553
1.577069597069597
1.5923809523809522
1.8252747252747252
1.4755311355311354
1.872014652014652
1.6197802197802198
1.5923809523809522
1.7994871794871794
1.5520879120879119
1.755970695970696
1.743076923076923
1.5319413919413918
1.8397802197802198
1.5448351648351648
1.6689377289377287
1.7535531135531133
1.5504761904761903
1.8139926739926737
1.602051282051282
1.61010989010989
1.8139926739926737
1.5206593406593405
1.8107692307692307
1.6818315018315018
1.5746520146520147
1.8236630036630035
1.5383882783882783
1.7745054945054943
1.735018315018315
1.5399999999999998
1.846227106227106
1.5722344322344322
1.7043956043956043
1.7712820512820513
1.519047619047619
1.83010989010989
1.6673260073260072
1.6197802197802198
1.78014652014652
1.5367765567765566
1.8059340659340657
1.7205128205128206
1.5464468864468863
1.8438095238095238
1.5279120879120878
1.7664468864468863
1.759194139194139
1.5504761904761903
1.7946520146520146
1.6028571428571428
1.6697435897435897
1.83010989010989
1.5166300366300365
1.8494505494505495
1.585128205128205
1.6157509157509158
1.7785347985347983
1.5964102564102562
1.7463003663003662
1.7906227106227104
1.5134065934065932
1.8639560439560439
1.494871794871795
1.7922344322344321
1.6995604395604396
1.5794871794871794
1.7857875457875456
1.6318681318681318
1.5617582417582416
1.8317216117216117
1.4795604395604394
1.8784615384615382
1.6205860805860803
1.6665201465201465
1.7833699633699633
1.5762637362637362
1.7197069597069596
1.78014652014652
1.4876190476190474
1.884102564102564
1.4819780219780219
1.7495238095238093
1.7156776556776556
1.5947985347985347
1.7317948717948717
1.6947252747252746
1.597216117216117
1.8784615384615382
1.472307692307692
1.8365567765567765
1.622197802197802
1.6076923076923078
1.755970695970696
1.623003663003663
1.6657142857142855
1.85025641025641
1.4626373626373625
1.884908424908425
1.585128205128205
1.6834432234432235
1.7414652014652012
1.6036630036630037
1.6931135531135528
1.7374358974358972
1.4666666666666666
1.8945787545787545
1.4416849816849817
1.8067399267399267
1.6721611721611722
1.6367032967032966
1.73018315018315
1.6536263736263734
1.5045421245421244
1.8953846153846152
1.439267399267399
1.9477655677655676
1.5577289377289376
1.697142857142857
1.701172161172161
1.635091575091575
1.6681318681318682
1.8204395604395605
1.4545787545787545
1.9493772893772894
1.3756043956043955
1.846227106227106
1.6552380952380952
1.652014652014652
1.7285714285714286
1.7043956043956043
1.5238827838827838
1.913113553113553
1.431208791208791
1.9195604395604395
1.5134065934065932
1.6979487179487178
1.709230769230769
1.647985347985348
1.6326739926739926
1.8550915750915749
1.4263736263736264
1.9461538461538461
1.4473260073260072
1.8107692307692307
1.6673260073260072
1.6455677655677654
1.6906959706959706
1.73018315018315
1.4739194139194138
1.925201465201465
1.4030036630036629
1.9453479853479854
1.5464468864468863
1.656043956043956
1.6697435897435897
1.6616849816849815
1.6028571428571428
1.8865201465201464
1.4030036630036629
1.9614652014652014
1.4263736263736264
1.8526739926739926
1.6495970695970694
1.6673260073260072
1.6608791208791207
1.8010989010989011
1.4594139194139193
1.9622710622710622
1.378021978021978
1.9461538461538461
1.6044688644688643
1.7108424908424908
1.6745787545787545
1.6794139194139193
1.573040293040293
1.90989010989011
1.3707692307692305
1.9816117216117215
1.456996336996337
1.7535531135531133
1.6391208791208791
1.6826373626373625
1.6705494505494505
1.755970695970696
1.432014652014652
1.9614652014652014
1.3876923076923076
1.9106959706959705
1.5843223443223442
1.747106227106227
1.656043956043956
1.726153846153846
1.5367765567765566
1.93003663003663
1.378021978021978
2.000952380952381
1.4158974358974357
1.7946520146520146
1.6415384615384614
1.6906959706959706
1.6286446886446884
1.8446153846153845
1.411062271062271
1.9945054945054945
1.3441758241758242
1.9082783882783882
1.5593406593406594
1.7253479853479852
1.6286446886446884
1.7753113553113553
1.472307692307692
1.9856410256410255
1.345787545787546
2.0138461538461536
1.4529670329670328
1.7986813186813186
1.6076923076923078
1.735018315018315
1.5923809523809522
1.929230769230769
1.3272527472527471
1.9969230769230768
1.3844688644688643
1.7946520146520146
1.593186813186813
1.743076923076923
1.6076923076923078
1.8099633699633697
1.3973626373626373
2.00014652014652
1.311135531135531
2.0162637362637366
1.5037362637362635
1.784981684981685
1.627032967032967
1.747912087912088
1.5472527472527473
1.9477655677655676
1.3401465201465201
2.0259340659340657
1.3312820512820511
1.8978021978021977
1.564175824175824
1.755970695970696
1.598021978021978
1.8792673992673992
1.3691575091575092
2.0243223443223446
1.314358974358974
1.999340659340659
1.5174358974358972
1.8204395604395605
1.5657875457875456
1.7777289377289376
1.4706959706959708
1.9735531135531135
1.245054945054945
2.0098168498168496
1.4062271062271061
1.8712087912087911
1.577069597069597
1.7648351648351648
1.5528937728937728
1.9445421245421244
1.314358974358974
2.0589743589743588
1.2998534798534798
2.0065934065934066
1.5093772893772892
1.8051282051282052
1.585128205128205
1.8446153846153845
1.3893040293040293
2.0428571428571427
1.2635897435897434
2.062197802197802
1.361904761904762
1.8454212454212455
1.5609523809523809
1.7825641025641024
1.5134065934065932
2.000952380952381
1.2652014652014651
2.071868131868132
1.2893772893772895
1.9485714285714284
1.5464468864468863
1.7873992673992674
1.5416117216117216
1.846227106227106
1.353846153846154
2.0589743589743588
1.2724542124542124
2.078315018315018
1.443296703296703
1.8333333333333333
1.5496703296703296
1.83010989010989
1.4618315018315018
2.0267399267399266
1.2676190476190474
2.0936263736263734
1.3079120879120878
1.8913553113553112
1.5174358974358972
1.826080586080586
1.5432234432234433
1.9985347985347985
1.2869597069597067
2.075897435897436
1.2515018315018314
2.0347985347985347
1.4304029304029304
1.854285714285714
1.5351648351648353
1.8865201465201464
1.2998534798534798
2.088791208791209
1.311135531135531
2.129084249084249
1.3546520146520145
1.8615384615384616
1.5279120879120878
1.8446153846153845
1.4118681318681316
2.0428571428571427
1.2257142857142858
2.1105494505494504
1.2466666666666666
2.004981684981685
1.4698901098901098
1.834139194139194
1.5214652014652015
1.8961904761904762
1.2853479853479854
2.1057142857142854
1.2144322344322342
2.1234432234432234
1.3868864468864468
1.8961904761904762
1.5126007326007325
1.8784615384615382
1.4295970695970694
2.0444688644688647
1.2232967032967033
2.1395604395604395
1.315164835164835
2.0138461538461536
1.4755311355311354
1.8712087912087911
1.456190476190476
1.996117216117216
1.241025641025641
2.1476190476190475
1.2192673992673992
2.0646153846153847
1.4505494505494505
1.8744322344322342
1.4908424908424909
1.9429304029304026
1.2652014652014651
2.1395604395604395
1.1967032967032967
2.108131868131868
1.4247619047619047
1.925201465201465
1.4868131868131869
1.8857142857142857
1.3385347985347984
2.1395604395604395
1.1781684981684981
2.1589010989010986
1.2563369963369964
1.971135531135531
1.4368498168498167
1.8978021978021977
1.461025641025641
2.0138461538461536
1.199120879120879
2.152454212454212
1.195091575091575
2.0227106227106226
1.4158974358974357
1.8994139194139192
1.4634432234432233
1.9413186813186813
1.2797069597069597
2.152454212454212
1.1556043956043955
2.2217582417582418
1.3079120879120878
1.9397069597069596
1.4529670329670328
1.921172161172161
1.353040293040293
2.1057142857142854
1.187032967032967
2.195970695970696
1.1709157509157508
2.049304029304029
1.4167032967032966
1.8816849816849817
1.4594139194139193
1.9646886446886447
1.2224908424908423
2.1935531135531137
1.1612454212454213
2.1717948717948716
1.3369230769230769
1.9848351648351648
1.4449084249084247
1.9413186813186813
1.2595604395604394
2.1476190476190475
1.099194139194139
2.2048351648351647
1.2442490842490843
2.0380219780219777
1.4263736263736264
1.9397069597069596
1.423150183150183
2.0895970695970694
1.1813919413919414
2.2056410256410257
1.1201465201465202
2.1105494505494504
1.3353113553113551
1.9243956043956043
1.432014652014652
1.9824175824175825
1.2305494505494503
2.1798534798534797
1.1233699633699634
2.2008058608058607
1.3127472527472528
1.988058608058608
1.4078388278388276
1.9598534798534797
1.302271062271062
2.1508424908424906
1.1217582417582417
2.2136996336996337
1.1322344322344322
2.133113553113553
1.3627106227106225
1.9727472527472527
1.3772161172161173
2.0202930402930406
1.1419047619047618
2.2201465201465203
1.0903296703296703
2.2088644688644687
1.1684981684981686
2.0202930402930406
1.3949450549450548
1.991282051282051
1.2909890109890108
2.207252747252747
1.0806593406593408
2.2443223443223443
1.2265201465201463
2.025128205128205
1.3884981684981683
1.9735531135531135
1.298241758241758
2.1717948717948716
1.1016117216117214
2.295091575091575
1.1620512820512818
2.0638095238095238
1.344981684981685
1.984029304029304
1.3167765567765568
2.121831501831502
1.1032234432234431
2.2636630036630034
1.0806593406593408
2.1613186813186815
1.3425641025641024
2.003369963369963
1.3715750915750915
2.10007326007326
1.1410989010989012
2.224981684981685
1.0532600732600732
2.257216117216117
1.2837362637362637
2.031575091575091
1.357875457875458
2.0380219780219777
1.1821978021978021
2.233846153846154
1.0516483516483517
2.2926739926739925
1.241025641025641
2.088791208791209
1.357875457875458
2.012234432234432
1.3175824175824176
2.2233699633699633
1.0597069597069597
2.295091575091575
1.07018315018315
2.154065934065934
1.315164835164835
2.023516483516483
1.3240293040293039
2.12989010989011
1.1080586080586081
2.307179487179487
1.0468131868131867
2.245934065934066
1.203956043956044
2.0638095238095238
1.3216117216117216
2.0654212454212453
1.1878388278388279
2.245934065934066
1.0339194139194139
2.315238095238095
1.191868131868132
2.116996336996337
1.3417582417582417
2.045274725274725
1.2571428571428571
2.2136996336996337
1.0597069597069597
2.323296703296703
1.1265934065934065
2.1274725274725275
1.3336996336996336
2.045274725274725
1.3224175824175823
2.1806593406593406
1.0758241758241758
2.319267399267399
1.0210256410256409
2.273333333333333
1.2547252747252746
2.1032967032967034
1.3175824175824176
2.112161172161172
1.070989010989011
2.2942857142857145
1.0186080586080586
2.3136263736263736
1.1725274725274726
2.088791208791209
1.3079120879120878
2.0750915750915753
1.1693040293040293
2.3055677655677655
1.0242490842490843
2.345054945054945
1.0758241758241758
2.1274725274725275
1.2756776556776557
2.058168498168498
1.253113553113553
2.249157509157509
1.0202197802197803
2.3643956043956043
1.0298901098901099
2.3087912087912086
1.2506959706959706
2.0895970695970694
1.2853479853479854
2.1194139194139194
1.0806593406593408
2.349084249084249
0.9952380952380953
2.345054945054945
1.207985347985348
2.116996336996337
1.2853479853479854
2.1105494505494504
1.1523809523809523
2.357142857142857
0.9758974358974358
2.4248351648351645
1.0435897435897437
2.1790476190476187
1.249084249084249
2.1145787545787544
1.2192673992673992
2.307179487179487
0.9879853479853479
2.387765567765568
0.9928205128205128
2.19032967032967
1.2337728937728938
2.12989010989011
1.207985347985348
2.237875457875458
1.041978021978022
2.3813186813186813
0.9557509157509156
2.328937728937729
1.199120879120879
2.1105494505494504
1.2579487179487179
2.12989010989011
1.116923076923077
2.3539194139194137
0.9976556776556775
2.3845421245421243
1.074212454212454
2.2136996336996337
1.2458608058608056
2.133113553113553
1.066153846153846
2.3104029304029305
0.9388278388278388
2.4151648351648354
0.9750915750915751
2.1717948717948716
1.245054945054945
2.1226373626373625
1.195091575091575
2.2120879120879122
0.9533333333333333
2.4167765567765565
0.9831501831501831
2.2942857142857145
1.195091575091575
2.144395604395604
1.2047619047619047
2.224981684981685
1.058901098901099
2.394212454212454
0.9356043956043956
2.3813186813186813
1.1322344322344322
2.1572893772893775
1.2112087912087912
2.1556776556776556
1.0653479853479852
2.3974358974358974
0.9235164835164834
2.4248351648351645
0.9992673992673993
2.2193406593406593
1.2144322344322342
2.1516483516483516
1.120952380952381
2.3652014652014652
0.9114285714285714
2.444175824175824
0.9493040293040292
2.2975091575091575
1.1733333333333333
2.1717948717948716
1.1749450549450549
2.307179487179487
0.9372161172161171
2.4312820512820514
0.9098168498168497
2.3603663003663002
1.1757509157509156
2.195970695970696
1.2015384615384617
2.2225641025641023
0.9783150183150183
2.411941391941392
0.8864468864468864
2.3966300366300364
1.1298168498168497
2.1895238095238096
1.195091575091575
2.1758241758241756
0.9742857142857142
2.4393406593406595
0.8961172161172161
2.452234432234432
1.0065201465201465
2.2314285714285713
1.1942857142857142
2.1911355311355307
1.112893772893773
2.387765567765568
0.9025641025641026
2.473992673992674
0.9605860805860805
2.307179487179487
1.1588278388278388
2.194358974358974
1.1427106227106225
2.3579487179487177
0.9122344322344322
2.481245421245421
0.8888644688644688
2.3660073260073258
1.1427106227106225
2.2136996336996337
1.1515750915750915
2.2878388278388275
0.942051282051282
2.484468864468864
0.8558241758241758
2.402271062271062
1.07018315018315
2.2306227106227103
1.1660805860805858
2.2878388278388275
0.9573626373626373
2.4570695970695966
0.859047619047619
2.4909157509157507
1.0210256410256409
2.270915750915751
1.174139194139194
2.2193406593406593
1.0347252747252746
2.4409523809523805
0.8493772893772893
2.5070329670329667
0.9742857142857142
2.316849816849817
1.1435164835164835
2.233040293040293
1.0693772893772893
2.403882783882784
0.8711355311355311
2.51025641025641
0.8638827838827838
2.4046886446886444
1.0967765567765568
2.2265934065934063
1.1241758241758242
2.3579487179487177
0.8783882783882784
2.5142857142857142
0.8397069597069596
2.444175824175824
1.0935531135531134
2.262051282051282
1.1273992673992674
2.2684981684981684
0.8945054945054945
2.5118681318681313
0.8211721611721611
2.4586813186813186
1.0556776556776557
2.2781684981684984
1.1225641025641024
2.274945054945055
0.9299633699633699
2.4925274725274726
0.8268131868131867
2.5167032967032967
1.0065201465201465
2.3337728937728937
1.1161172161172161
2.2717216117216115
0.9799267399267398
2.5134798534798533
0.8139194139194139
2.548937728937729
0.9283516483516483
2.335384615384615
1.1096703296703296
2.2564102564102564
1.0323076923076924
2.453846153846154
0.8397069597069596
2.5424908424908423
0.8453479853479853
2.3805128205128203
1.0468131868131867
2.2805860805860805
1.0879120879120878
2.386959706959707
0.8421245421245421
2.5416849816849814
0.8348717948717949
2.42
1.079047619047619
2.274945054945055
1.0903296703296703
2.352307692307692
0.8558241758241758
2.536043956043956
0.7978021978021979
2.519120879120879
0.9936263736263735
2.324908424908425
1.079047619047619
2.3184615384615386
0.8985347985347986
2.532820512820513
0.8002197802197801
2.565054945054945
0.9372161172161171
2.3466666666666667
1.0814652014652013
2.3120146520146516
0.9565567765567765
2.5223443223443223
0.7865201465201465
2.5553846153846154
0.8372893772893772
2.3893772893772893
1.0548717948717947
2.2805860805860805
1.0403663003663004
2.4506227106227105
0.796996336996337
2.597289377289377
0.8074725274725274
2.445787545787546
1.0726007326007327
2.315238095238095
1.033113553113553
2.437728937728938
0.8171428571428571
2.5795604395604395
0.734139194139194
2.483663003663003
1.0145787545787546
2.323296703296703
1.0516483516483517
2.3345787545787546
0.8316483516483516
2.590842490842491
0.7792673992673993
2.574725274725275
0.913040293040293
2.3515018315018312
1.0403663003663004
2.324908424908425
0.8364835164835164
2.5779487179487175
0.7502564102564102
2.5997069597069595
0.9259340659340659
2.3764835164835163
1.0476190476190477
2.387765567765568
0.9017582417582417
2.5795604395604395
0.7413919413919414
2.6117948717948716
0.884029304029304
2.41032967032967
1.0186080586080586
2.3345787545787546
0.9041758241758242
2.5287912087912088
0.7397802197802197
2.6536996336996337
0.7873260073260073
2.4586813186813186
1.0242490842490843
2.3458608058608057
0.9904029304029304
2.51025641025641
0.7607326007326007
2.632747252747252
0.713992673992674
2.475604395604395
0.9863736263736264
2.352307692307692
0.9783150183150183
2.453846153846154
0.7824908424908424
2.628717948717948
0.7228571428571429
2.5739194139194135
0.9162637362637363
2.3652014652014652
0.9952380952380953
2.4046886446886444
0.784102564102564
2.6117948717948716
0.7002930402930403
2.623076923076923
0.8888644688644688
2.3990476190476193
1.0008791208791208
2.4216117216117214
0.8743589743589744
2.616630036630036
0.7131868131868132
2.643223443223443
0.7921611721611721
2.3990476190476193
0.9847619047619047
2.3853479853479853
0.9162637362637363
2.597289377289377
0.6801465201465201
2.6625641025641023
0.8034432234432234
2.4675457875457876
0.9694505494505493
2.3635897435897437
0.9662271062271062
2.566666666666667
0.7196336996336995
2.6440293040293037
0.7083516483516483
2.552967032967033
0.9259340659340659
2.406300366300366
0.9750915750915751
2.4296703296703295
0.73010989010989
2.655311355311355
0.6865934065934066
2.602930402930403
0.9001465201465201
2.4127472527472524
0.9928205128205128
2.42
0.7728205128205128
2.639194139194139
0.6906227106227106
2.6802930402930403
0.8340659340659341
2.4312820512820514
0.9694505494505493
2.42
0.8082783882783882
2.6480586080586077
0.6688644688644688
2.681098901098901
0.7567032967032966
2.4546520146520145
1.0016849816849815
2.411941391941392
0.938021978021978
2.618241758241758
0.6753113553113552
2.7028571428571424
0.7421978021978022
2.5094505494505492
0.9243223443223443
2.4046886446886444
0.9049816849816849
2.6117948717948716
0.6785347985347985
2.703663003663004
0.6962637362637362
2.6545054945054942
0.9372161172161171
2.4191941391941394
0.9404395604395605
2.5392673992673993
0.7333333333333333
2.71010989010989
0.655164835164835
2.5835897435897435
0.8936996336996337
2.4304761904761905
0.9307692307692308
2.465128205128205
0.7043223443223443
2.737509157509157
0.6358241758241758
2.6134065934065935
0.8469597069597069
2.44981684981685
0.9219047619047619
2.44981684981685
0.7115750915750915
2.6714285714285713
0.6285714285714286
2.711721611721612
0.7808791208791208
2.4965567765567767
0.9178754578754579
2.452234432234432
0.7631501831501831
2.6762637362637363
0.6293772893772893
2.697216117216117
0.7478388278388277
2.5384615384615383
0.9122344322344322
2.4586813186813186
0.7873260073260073
2.6480586080586077
0.6454945054945054
2.743956043956044
0.6583882783882784
2.5739194139194135
0.9412454212454212
2.445787545787546
0.8751648351648351
2.60051282051282
0.6495238095238095
2.743956043956044
0.6253479853479853
2.618241758241758
0.8598534798534798
2.4675457875457876
0.8928937728937728
2.590842490842491
0.6479120879120879
2.7487912087912085
0.6116483516483516
2.695604395604396
0.8461538461538461
2.464322344322344
0.8961172161172161
2.5126739926739927
0.6857875457875457
2.7504029304029305
0.6092307692307691
2.739120879120879
0.7889377289377288
2.5158974358974358
0.8679120879120878
2.49010989010989
0.7212454212454212
2.7826373626373626
0.6237362637362637
2.76007326007326
0.7115750915750915
2.532820512820513
0.8695238095238095
2.4997802197802192
0.7808791208791208
2.76007326007326
0.5931135531135531
2.7649084249084246
0.6761172161172161
2.573113553113553
0.8679120879120878
2.5158974358974358
0.8380952380952381
2.703663003663004
0.6116483516483516
