2.2120879120879122
1.9679120879120877
2.121025641025641
2.0936263736263734
1.9945054945054945
1.7100366300366299
1.9542124542124542
1.6552380952380952
1.6641025641025642
1.3554578754578752
1.8043223443223442
1.4819780219780219
1.5835164835164834
1.581904761904762
1.4529670329670328
1.386080586080586
1.3369230769230769
1.2845421245421245
1.129010989010989
1.174139194139194
1.22007326007326
1.091135531135531
1.058901098901099
1.1153113553113552
0.9597802197802198
0.8147252747252747
0.8985347985347986
0.8558241758241758
0.5915018315018314
0.8324542124542124
0.7881318681318681
0.61003663003663
0.4794871794871795
0.6003663003663003
0.7349450549450549
0.3352380952380952
0.5657142857142857
1.1499633699633698
0.20952380952380953
0.30461538461538457
0.4682051282051282
0.2514285714285714
0.17809523809523808
0.29736263736263735
0.1394139194139194
0.06769230769230769
0.20468864468864467
0.14586080586080585
0.055604395604395604
0.04996336996336996
0.12893772893772895
0.0
0.0
0.1232967032967033
0.0
0.0
0.01531135531135531
0.1539194139194139
0.0
0.0
0.07413919413919413
0.0
0.0
0.15553113553113554
0.05963369963369963
0.051575091575091575
0.12007326007326007
0.32798534798534795
0.0
0.029816849816849816
0.17487179487179486
0.2071062271062271
0.22402930402930402
0.2562637362637362
0.41018315018315016
0.10798534798534798
0.17487179487179486
0.26673992673992675
0.2651282051282051
0.1506959706959707
0.2876923076923077
0.4303296703296703
0.35538461538461535
0.48271062271062265
0.39003663003662997
0.4222710622710622
0.43677655677655675
0.5810256410256409
0.5657142857142857
0.44
0.7599267399267399
0.7921611721611721
0.8558241758241758
0.859047619047619
0.9613919413919413
1.2112087912087912
0.938021978021978
1.1926739926739927
1.0597069597069597
1.0008791208791208
1.199120879120879
1.2797069597069597
1.232967032967033
1.2917948717948717
1.4819780219780219
1.3989743589743588
1.4505494505494505
1.5158241758241757
1.585934065934066
1.7084249084249084
1.7583882783882783
1.8937728937728937
1.6745787545787545
1.846227106227106
2.083956043956044
1.975164835164835
1.9155311355311353
2.162124542124542
2.1435897435897435
2.0904029304029303
2.4627106227106226
2.3426373626373627
2.0380219780219777
2.323296703296703
2.4393406593406595
2.6964102564102563
2.3909890109890113
2.584395604395604
2.63032967032967
2.493333333333333
2.6762637362637363
2.7737728937728936
2.5876190476190475
2.715750915750916
2.813260073260073
2.8414652014652013
2.731062271062271
2.95025641025641
3.0759706959706956
3.0840293040293036
2.9857142857142858
3.0743589743589745
3.055018315018315
3.021978021978022
3.2822710622710622
3.1025641025641026
3.0002197802197803
3.1775091575091574
3.295970695970696
3.046959706959707
3.3
3.3
3.3
3.167838827838828
3.3
3.299194139194139
3.2178021978021976
3.20007326007326
3.3
3.3
3.1315750915750913
3.3
3.3
3.2339194139194136
3.3
3.3
3.163809523809524
3.3
3.299194139194139
3.2250549450549446
3.187179487179487
3.2113553113553115
3.183956043956044
3.1235164835164833
3.1452747252747253
3.2452014652014647
2.993772893772894
3.0066666666666664
3.1356043956043953
2.925274725274725
2.884175824175824
3.0187545787545784
3.041318681318681
2.8454945054945053
2.751208791208791
2.9986080586080583
2.65047619047619
2.685934065934066
2.7906959706959706
2.612600732600732
2.5545787545787544
2.6835164835164833
2.5658608058608054
2.4385347985347985
2.4183882783882784
2.335384615384615
2.453846153846154
2.1685714285714286
2.341025641025641
2.262857142857143
2.158095238095238
2.1411721611721615
2.096043956043956
1.9598534798534797
1.926007326007326
1.9558241758241757
1.8913553113553112
1.631062271062271
1.8043223443223442
1.656043956043956
1.5480586080586078
1.5746520146520147
1.4980952380952381
1.4336263736263737
1.4158974358974357
1.4658608058608058
1.3586813186813185
1.1789743589743589
1.2966300366300365
1.2394139194139193
0.9976556776556775
1.116923076923077
1.1580219780219778
0.9428571428571428
1.0065201465201465
1.0323076923076924
0.7510622710622711
0.6962637362637362
0.8380952380952381
0.801025641025641
0.7043223443223443
0.5157509157509158
0.6213186813186813
0.5012454212454213
0.5536263736263736
0.5560439560439561
0.42146520146520144
0.369084249084249
0.38600732600732596
0.37391941391941386
0.17567765567765567
0.22805860805860806
0.39003663003662997
0.2216117216117216
0.09589743589743589
0.1676190476190476
0.23853479853479853
0.018534798534798533
0.07172161172161172
0.1668131868131868
0.04835164835164835
0.041098901098901096
0.0
0.04835164835164835
0.04673992673992673
0.11362637362637361
0.09428571428571428
0.0
0.0
0.1394139194139194
0.0
0.0
0.14344322344322344
0.05963369963369963
0.16197802197802197
0.06446886446886448
0.1104029304029304
0.0
0.04593406593406593
0.09025641025641025
0.07897435897435896
0.037875457875457874
0.22564102564102564
0.17809523809523808
0.05641025641025641
0.10959706959706958
0.3747252747252747
0.18615384615384614
0.2562637362637362
0.3352380952380952
0.19985347985347984
0.21677655677655677
0.30622710622710625
0.48754578754578753
0.31670329670329667
0.5109157509157509
0.6833699633699633
0.585054945054945
0.5616849816849817
0.7172161172161172
0.6753113553113552
0.7252747252747253
0.8026373626373625
0.9235164835164834
1.0178021978021976
0.9388278388278388
1.1080586080586081
0.9468864468864469
0.9605860805860805
1.1354578754578755
1.2394139194139193
1.0903296703296703
1.3715750915750915
1.4126739926739926
1.314358974358974
1.4062271062271061
1.468278388278388
1.4803663003663001
1.4972893772893772
1.618974358974359
1.7688644688644688
1.5915750915750915
1.854285714285714
1.9356776556776556
1.9654945054945054
1.9461538461538461
2.0589743589743588
2.017069597069597
2.0219047619047616
1.9284249084249083
2.2394871794871793
2.2556043956043954
2.4409523809523805
2.4054945054945054
2.291062271062271
2.3023443223443225
2.556996336996337
2.402271062271062
2.4425641025641025
2.681904761904762
2.7810256410256406
2.6254945054945056
2.6778754578754578
2.8712820512820514
2.942197802197802
2.731062271062271
2.909157509157509
3.0687179487179486
2.864835164835165
3.0646886446886445
3.183956043956044
2.901098901098901
3.3
3.154945054945055
3.0880586080586077
3.045347985347985
3.2226373626373626
3.124322344322344
3.125128205128205
3.3
3.2766300366300363
3.175897435897436
3.2145787545787545
3.3
3.3
3.1694505494505494
3.2709890109890107
3.3
3.2290842490842486
3.3
3.3
3.1807326007326004
3.1162637362637358
3.3
3.3
3.182344322344322
3.3
3.3
3.167838827838828
3.3
3.1291575091575092
3.174285714285714
3.0969230769230767
3.248424908424908
3.2178021978021976
3.0316483516483514
3.0936996336996336
3.2516483516483516
2.98007326007326
2.9679853479853477
3.0227838827838824
2.9228571428571426
2.6778754578754578
2.929304029304029
2.886593406593406
2.715750915750916
2.839047619047619
2.726227106227106
2.6673992673992672
2.6174358974358976
2.71978021978022
2.5505494505494504
2.8833699633699634
2.49010989010989
2.5392673992673993
2.3265201465201466
2.307179487179487
2.4312820512820514
2.207252747252747
2.1194139194139194
2.2306227106227103
2.1057142857142854
1.9534065934065934
1.991282051282051
2.0871794871794873
1.6697435897435897
1.7043956043956043
1.763223443223443
1.7172893772893771
1.6399267399267399
1.7334065934065932
1.6423443223443221
1.465054945054945
1.469084249084249
1.5319413919413918
1.282124542124542
1.2136263736263737
1.3925274725274723
1.224102564102564
1.0065201465201465
1.1282051282051282
1.1531868131868133
0.8783882783882784
1.0065201465201465
0.9871794871794872
0.8896703296703297
0.8034432234432234
0.8397069597069596
0.7736263736263737
0.4859340659340659
0.7873260073260073
0.7567032967032966
0.3505494505494505
0.5600732600732601
0.5342857142857143
0.49963369963369964
0.365054945054945
0.4706227106227106
0.38358974358974357
0.31267399267399265
0.39567765567765567
0.40857142857142853
0.14989010989010987
0.1506959706959707
0.28608058608058606
0.0967032967032967
0.0
0.07897435897435896
0.22
0.0
0.02659340659340659
0.24095238095238095
0.0
0.0
0.0
0.03545787545787545
0.0
0.049157509157509154
0.07252747252747253
0.0
0.0
0.11282051282051282
0.0
0.0
0.24095238095238095
0.12652014652014654
0.11362637362637361
0.047545787545787546
0.15956043956043955
0.10476190476190476
0.05318681318681318
0.1418315018315018
0.15794871794871793
0.05802197802197802
0.00402930402930403
0.30461538461538457
0.13216117216117215
0.33926739926739924
0.36344322344322344
0.3021978021978022
0.2336996336996337
0.4520879120879121
0.47223443223443223
0.30622710622710625
0.3868131868131868
0.6108424908424909
0.46014652014652013
0.5431501831501832
0.7196336996336995
0.5931135531135531
0.6027838827838828
0.8227838827838827
0.8654945054945055
0.7695970695970696
0.9347985347985348
1.0363369963369964
0.9235164835164834
1.0339194139194139
1.1693040293040293
1.1507692307692308
1.1491575091575092
1.2853479853479854
1.4295970695970694
1.2563369963369964
1.2506959706959706
1.5754578754578754
1.4376556776556777
1.519047619047619
1.6842490842490843
1.5722344322344322
1.6238095238095238
1.8091575091575092
2.0589743589743588
1.7986813186813186
1.7293772893772892
2.1427838827838825
1.9163369963369963
1.9606593406593407
2.1452014652014655
2.241098901098901
2.2145054945054943
2.2684981684981684
2.494139194139194
2.2838095238095235
2.328937728937729
2.519120879120879
2.5215384615384613
2.44981684981685
2.6198534798534796
2.5956776556776555
2.5876190476190475
2.8003663003663
2.757655677655677
2.7125274725274724
2.6134065934065935
2.90029304029304
2.548937728937729
2.8197069597069593
2.98007326007326
2.9550915750915747
2.944615384615384
3.132380952380952
3.187179487179487
3.062271062271062
3.1017582417582417
3.0598534798534796
3.2218315018315016
3.124322344322344
3.2355311355311356
3.2903296703296703
3.2452014652014647
3.1767032967032964
3.154945054945055
3.27018315018315
3.2194139194139195
3.3
3.3
3.3
3.3
3.3
3.20007326007326
3.3
3.3
3.3
3.187179487179487
2.8148717948717947
3.3
3.2766300366300363
3.241978021978022
3.045347985347985
3.187179487179487
3.274212454212454
3.2629304029304027
3.192014652014652
3.0896703296703296
3.1597802197802194
3.1694505494505494
2.9736263736263737
3.0002197802197803
3.142051282051282
2.9534798534798536
2.855164835164835
2.8954578754578755
2.9268864468864466
2.9188278388278386
2.6827106227106223
2.838241758241758
2.71010989010989
2.61018315018315
2.8060073260073257
2.5578021978021974
2.4570695970695966
2.5505494505494504
2.5376556776556773
2.4167765567765565
2.37003663003663
2.3224908424908426
2.2201465201465203
2.1589010989010986
2.3184615384615386
2.156483516483516
2.0654212454212453
2.0750915750915753
2.074285714285714
1.913919413919414
1.929230769230769
1.8671794871794871
1.6906959706959706
1.6431501831501831
1.7962637362637361
1.6254212454212453
1.5287179487179485
1.5142124542124542
1.569010989010989
1.2837362637362637
1.3965567765567766
1.4167032967032966
1.2845421245421245
1.1459340659340658
1.228937728937729
1.1717216117216116
0.9742857142857142
1.062930402930403
1.0532600732600732
1.058901098901099
0.8856410256410256
0.9307692307692308
0.9017582417582417
0.6583882783882784
0.8034432234432234
0.7276923076923076
0.4295238095238095
0.552014652014652
0.6116483516483516
0.4416117216117216
0.7913553113553113
0.5093040293040293
0.5294505494505495
0.2957509157509157
0.4512820512820513
0.45289377289377286
0.14666666666666667
0.2610989010989011
0.3215384615384615
0.07736263736263735
0.0
0.24256410256410255
0.013699633699633697
0.02901098901098901
0.2063003663003663
0.19501831501831499
0.0
0.09106227106227106
0.12732600732600732
0.0
0.0
0.0016117216117216117
0.05802197802197802
0.0
0.09428571428571428
0.10395604395604395
0.0
0.0
0.09509157509157509
0.0
0.0
0.09025641025641025
0.29978021978021974
0.0
0.2747985347985348
0.20952380952380953
0.10959706959706958
0.06688644688644688
0.21677655677655677
0.17648351648351646
0.16117216117216118
0.298974358974359
0.34410256410256407
0.20146520146520147
0.25062271062271063
0.36827838827838827
0.46498168498168496
0.4536996336996337
0.539120879120879
0.5858608058608058
0.3618315018315018
0.6535531135531135
0.7857142857142857
0.5544322344322344
0.46095238095238095
0.7059340659340658
0.7204395604395604
0.585054945054945
0.9227106227106228
1.0081318681318683
0.8203663003663003
1.0879120879120878
1.0548717948717947
1.0645421245421245
1.058901098901099
1.2506959706959706
1.2386080586080586
1.4223443223443224
1.3868864468864468
1.4449084249084247
1.436043956043956
1.5013186813186812
1.6286446886446884
1.5432234432234433
1.623003663003663
1.7938461538461536
1.7970695970695971
1.838168498168498
1.8832967032967032
1.9816117216117215
1.926007326007326
1.975164835164835
2.1476190476190475
2.0936263736263734
2.0323809523809526
2.3635897435897437
2.3321611721611717
2.2354578754578753
2.378095238095238
2.6037362637362635
2.3361904761904757
2.3378021978021977
2.631135531135531
2.5779487179487175
2.464322344322344
2.8213186813186812
2.784249084249084
2.752014652014652
2.7608791208791206
3.0002197802197803
2.71010989010989
2.7906959706959706
3.0002197802197803
2.946227106227106
2.9720146520146518
3.2178021978021976
3.1267399267399267
3.050989010989011
3.113040293040293
3.232307692307692
2.9075457875457875
3.058241758241758
3.258095238095238
3.269377289377289
3.142051282051282
3.2589010989010987
3.3
3.077582417582417
3.2677655677655677
3.3
3.27018315018315
3.187985347985348
3.3
3.3
3.1694505494505494
3.2709890109890107
3.3
3.26051282051282
3.2774358974358972
3.3
3.2194139194139195
3.25003663003663
3.2887179487179488
3.2669597069597067
3.1928205128205125
3.3
3.2452014652014647
3.0638827838827836
3.087252747252747
3.083223443223443
3.1178754578754577
2.9921611721611723
3.1315750915750913
3.1194871794871792
2.884175824175824
2.9905494505494503
3.0517948717948715
2.8873992673992674
2.8277655677655673
2.874505494505494
2.787472527472527
2.8326007326007328
2.789084249084249
2.7810256410256406
2.61018315018315
2.3909890109890113
2.6762637362637363
2.7165567765567764
2.386153846153846
2.6520879120879117
2.4095238095238094
2.3361904761904757
2.4183882783882784
2.3265201465201466
2.1403663003663
2.0299633699633697
2.1846886446886447
1.7946520146520146
1.896996336996337
1.9687179487179487
1.971135531135531
1.751941391941392
1.7277655677655677
1.8164102564102564
1.5375824175824175
1.5383882783882783
1.6769963369963368
1.5907692307692307
1.3812454212454213
1.456190476190476
1.3627106227106225
1.1967032967032967
1.4030036630036629
1.345787545787546
1.1145054945054944
0.8203663003663003
1.1781684981684981
1.1145054945054944
0.9049816849816849
0.9493040293040292
0.9783150183150183
0.7413919413919414
0.7284981684981685
0.8356776556776556
0.5197802197802198
0.5342857142857143
0.697069597069597
0.6043956043956044
0.4698168498168498
0.5165567765567765
0.46659340659340653
0.34007326007326005
0.4295238095238095
0.4682051282051282
0.3505494505494505
0.08864468864468865
0.2619047619047619
0.3989010989010989
0.1684249084249084
0.25545787545787546
0.15633699633699633
0.22967032967032966
0.06205128205128205
0.2063003663003663
0.30058608058608055
0.028205128205128206
0.11846153846153845
0.2522344322344322
0.0
0.04593406593406593
0.17164835164835165
0.14263736263736265
0.0
0.07172161172161172
0.0
0.0
0.02901098901098901
0.3215384615384615
0.014505494505494505
0.0
0.14424908424908423
0.027399267399267395
0.0
0.1232967032967033
0.24336996336996336
0.0427106227106227
0.13538461538461538
0.2079120879120879
0.15311355311355312
0.0
0.25465201465201465
0.2957509157509157
0.24336996336996336
0.3078388278388278
0.5068864468864468
0.2079120879120879
0.2917216117216117
0.5375091575091575
0.46417582417582415
0.36747252747252745
0.5608791208791208
0.6463003663003662
0.5641025641025641
0.6640293040293039
0.7937728937728937
0.7083516483516483
0.6712820512820512
0.8969230769230768
0.8751648351648351
0.8405128205128204
0.8695238095238095
1.0443956043956044
0.8775824175824175
1.0129670329670328
1.1370695970695972
1.1443223443223443
1.0452014652014652
1.1556043956043955
1.3586813186813185
1.2353846153846153
1.1813919413919414
1.5843223443223442
1.4465201465201465
1.5303296703296703
1.7205128205128206
1.7938461538461536
1.6584615384615384
1.9606593406593407
1.950989010989011
1.8446153846153845
1.859120879120879
2.137948717948718
2.0380219780219777
2.0396336996336997
2.092820512820513
2.2273992673992673
2.1798534798534797
2.395824175824176
2.4570695970695966
2.4546520146520145
2.3660073260073258
2.444175824175824
2.6254945054945056
2.4884981684981686
2.693186813186813
2.6456410256410257
2.6762637362637363
2.8632234432234434
2.876117216117216
2.703663003663004
2.7858608058608056
2.9454212454212456
2.9027106227106225
2.843076923076923
3.0646886446886445
3.0598534798534796
2.9768498168498168
3.055018315018315
3.179120879120879
3.0195604395604394
3.0646886446886445
3.3
3.2774358974358972
3.1267399267399267
3.2113553113553115
3.3
3.075164835164835
2.995384615384615
3.3
2.7657142857142856
3.2677655677655677
3.2935531135531133
3.3
3.2516483516483516
3.2355311355311356
3.3
3.3
3.244395604395604
3.3
3.3
3.3
3.2806593406593403
3.3
3.1767032967032964
3.1082051282051277
3.3
3.1372161172161173
3.087252747252747
3.182344322344322
3.3
2.9704029304029302
2.9575091575091577
3.05018315018315
3.038901098901099
2.747179487179487
3.0824175824175826
3.0638827838827836
2.7810256410256406
2.858388278388278
3.0123076923076924
2.768131868131868
2.6762637362637363
2.768131868131868
2.783443223443223
2.6214652014652016
2.60051282051282
2.6649816849816848
2.432087912087912
2.4006593406593404
2.5424908424908423
2.3555311355311352
2.3361904761904757
2.3321611721611717
2.3015384615384615
2.1830769230769227
2.0734798534798533
2.204029304029304
2.0299633699633697
1.8695970695970696
2.049304029304029
1.863150183150183
1.8002930402930402
1.8575091575091576
1.7817582417582416
1.6278388278388278
1.4908424908424909
1.747912087912088
1.6358974358974359
1.3772161172161173
1.4997069597069594
1.3627106227106225
1.2216849816849817
1.4819780219780219
1.306300366300366
1.2974358974358975
1.0032967032967033
1.0887179487179488
0.7784615384615384
0.8767765567765566
0.9501098901098901
0.9517216117216116
0.8187545787545787
0.8002197802197801
0.8582417582417582
0.7349450549450549
0.46095238095238095
0.606007326007326
0.6148717948717949
0.4287179487179487
0.5471794871794872
0.5052747252747253
0.3312087912087912
0.39487179487179486
0.48835164835164835
0.2788278388278388
0.31267399267399265
0.40695970695970696
0.27641025641025635
0.17648351648351646
0.2619047619047619
0.2336996336996337
0.11120879120879121
0.17567765567765567
0.14827838827838827
0.2836630036630036
0.0
0.18212454212454213
0.09347985347985346
0.0
0.0
0.05963369963369963
0.0
0.0
0.10798534798534798
0.12087912087912088
0.0
0.10153846153846152
0.15633699633699633
0.0
0.0
0.18212454212454213
0.06608058608058608
0.0
0.14827838827838827
0.04593406593406593
0.025787545787545788
0.17406593406593404
0.20952380952380953
0.08864468864468865
0.17567765567765567
0.21919413919413916
0.23208791208791207
0.1104029304029304
0.29333333333333333
0.3134798534798534
0.21274725274725273
0.38036630036630037
0.518974358974359
0.38036630036630037
0.4512820512820513
0.5487912087912087
0.5568498168498168
0.4456410256410256
0.6761172161172161
0.925128205128205
0.5971428571428571
0.7534798534798535
0.8332600732600732
0.7712087912087912
0.9194871794871794
1.191062271062271
1.0427838827838827
1.1193406593406594
1.1064468864468864
1.0226373626373626
1.0927472527472528
1.295018315018315
1.4183150183150184
1.2917948717948717
1.3256410256410256
1.4715018315018313
1.5254945054945055
1.5464468864468863
1.6512087912087912
1.759194139194139
1.6173626373626373
1.6786080586080585
2.0396336996336997
1.8784615384615382
1.784175824175824
2.0557509157509157
2.0831501831501833
1.8704029304029302
1.9928937728937728
2.2523809523809524
2.1669597069597066
2.1709890109890106
2.2096703296703297
2.4167765567765565
2.5795604395604395
2.406300366300366
2.697216117216117
2.6448351648351647
2.626300366300366
2.734285714285714
2.6682051282051282
2.6134065934065935
2.747179487179487
2.839047619047619
2.838241758241758
2.932527472527472
2.9776556776556777
2.8938461538461535
2.8873992673992674
3.3
3.0002197802197803
2.9615384615384617
3.0679120879120876
3.2452014652014647
3.0002197802197803
3.183956043956044
3.2387545787545786
3.3
3.1291575091575092
3.287106227106227
3.2766300366300363
3.1452747252747253
3.3
3.3
3.1895970695970695
3.3
3.3
3.1968498168498165
3.2129670329670326
3.3
3.3
3.2266666666666666
3.2097435897435895
3.3
3.183956043956044
3.1646153846153844
3.3
3.1968498168498165
3.128351648351648
3.167032967032967
3.2814652014652013
3.3
3.1444688644688643
3.2903296703296703
2.996996336996337
3.025201465201465
3.0969230769230767
3.2258608058608056
2.932527472527472
2.8938461538461535
2.996996336996337
2.8632234432234434
3.0308424908424905
2.9397802197802196
2.842271062271062
2.843076923076923
2.8068131868131867
2.733479853479853
2.6254945054945056
2.4715750915750916
2.697216117216117
2.5295970695970693
2.473992673992674
2.5038095238095233
2.4909157509157507
2.37970695970696
2.383736263736264
2.3015384615384615
2.1411721611721615
2.146007326007326
2.299120879120879
2.0219047619047616
1.8768498168498169
2.0589743589743588
1.9493772893772894
1.8228571428571427
1.7608058608058608
1.6205860805860803
1.6713553113553112
1.472307692307692
1.647985347985348
1.5754578754578754
1.494871794871795
1.5287179487179485
1.5714285714285714
1.2853479853479854
1.2563369963369964
1.4038095238095236
1.2136263736263737
1.0975824175824174
1.2418315018315016
1.0854945054945053
0.8783882783882784
0.9686446886446887
1.245054945054945
0.8961172161172161
0.7849084249084248
0.7212454212454212
0.659194139194139
0.5939194139194139
0.6898168498168498
0.7172161172161172
0.4810989010989011
0.5616849816849817
0.651135531135531
0.44886446886446885
0.2232234432234432
0.5729670329670329
0.3892307692307692
0.6003663003663003
0.2522344322344322
0.3779487179487179
0.08058608058608059
0.18857142857142856
0.2465934065934066
0.058827838827838826
0.055604395604395604
0.17326007326007326
0.22241758241758242
0.0
0.21677655677655677
0.14666666666666667
0.10315018315018315
0.0
0.19743589743589743
0.0008058608058608059
0.0
0.09831501831501831
0.18695970695970693
0.0
0.0
0.1515018315018315
0.009670329670329669
0.0
0.022564102564102562
0.09509157509157509
0.0
0.06608058608058608
0.17164835164835165
0.05802197802197802
0.16036630036630034
0.2111355311355311
0.051575091575091575
0.10637362637362636
0.31267399267399265
0.2731868131868132
0.18212454212454213
0.3779487179487179
0.4061538461538461
0.23934065934065932
0.2578754578754579
0.49479853479853475
0.44483516483516483
0.3432967032967033
0.8284249084249083
0.5060805860805861
0.4456410256410256
0.5721611721611721
0.7115750915750915
0.5495970695970696
0.6358241758241758
0.7502564102564102
0.7728205128205128
0.8139194139194139
0.8832234432234431
0.9678388278388278
0.9114285714285714
0.8679120879120878
1.1024175824175824
1.0210256410256409
1.1378754578754577
1.2652014652014651
1.1975091575091577
1.1652747252747253
1.3385347985347984
1.353040293040293
1.3691575091575092
1.7108424908424908
1.6713553113553112
1.476336996336996
1.8236630036630035
1.8639560439560439
1.7237362637362637
1.7922344322344321
2.033186813186813
1.9622710622710622
2.0517216117216117
2.2394871794871793
2.1516483516483516
2.1387545787545785
2.2273992673992673
2.4071062271062273
2.281391941391941
2.3345787545787546
2.436117216117216
2.2676923076923075
2.3668131868131868
2.4635164835164836
2.6947985347985344
2.506227106227106
2.6117948717948716
2.860805860805861
2.6996336996337
2.772161172161172
2.987326007326007
2.702051282051282
2.868864468864469
3.0163369963369964
2.9317216117216116
2.8189010989010987
2.8793406593406594
3.0235897435897434
2.9671794871794868
3.1001465201465197
3.174285714285714
3.0187545787545784
3.2709890109890107
3.3
3.2089377289377286
3.142051282051282
3.2854945054945053
3.3
3.3
3.248424908424908
3.3
3.3
3.3
3.3
3.258095238095238
3.2726007326007323
3.3
3.3
3.1396336996336993
3.3
3.3
3.26051282051282
3.2935531135531133
3.3
3.1807326007326004
3.1219047619047617
3.2387545787545786
3.236336996336996
2.929304029304029
3.2226373626373626
3.3
2.9228571428571426
3.046959706959707
2.9808791208791208
3.0928937728937727
2.8793406593406594
3.111428571428571
3.045347985347985
2.842271062271062
2.9349450549450546
2.8777289377289375
2.561025641025641
2.71010989010989
2.8358241758241753
2.706080586080586
2.382930402930403
2.735897435897436
2.6037362637362635
2.4288644688644685
2.5005860805860807
2.473186813186813
2.265274725274725
2.2781684981684984
2.2821978021978024
2.2483516483516484
2.136336996336996
2.2314285714285713
2.178241758241758
1.8913553113553112
2.0162637362637366
2.049304029304029
1.8784615384615382
1.793040293040293
1.78014652014652
1.7108424908424908
1.4876190476190474
1.9018315018315017
1.5778754578754577
1.3796336996336995
1.4497435897435897
1.398168498168498
1.1048351648351649
1.2595604395604394
1.2724542124542124
1.191062271062271
1.05003663003663
1.2877655677655677
1.0983882783882783
0.796996336996337
1.00007326007326
1.0677655677655677
0.8203663003663003
0.7631501831501831
1.0161904761904763
0.7518681318681317
0.4633699633699634
0.597948717948718
0.6559706959706959
0.7083516483516483
0.5439560439560439
0.7921611721611721
0.39487179487179486
0.4416117216117216
0.7284981684981685
0.31267399267399265
0.09831501831501831
0.3199267399267399
0.30542124542124544
0.22564102564102564
0.2232234432234432
0.3021978021978022
0.10556776556776555
0.08139194139194138
0.09347985347985346
0.03223443223443224
0.0
0.11201465201465201
0.0701098901098901
0.06446886446886448
0.11523809523809524
0.0
0.0
0.0
0.027399267399267395
0.0
0.0
0.09025641025641025
0.03948717948717948
0.0
0.05479853479853479
0.0709157509157509
0.0
0.006446886446886447
0.13377289377289375
0.14747252747252745
0.12007326007326007
0.2957509157509157
0.14344322344322344
0.004835164835164834
0.15633699633699633
0.24095238095238095
0.3191208791208791
0.21597069597069596
0.4126007326007326
0.2530402930402931
0.5326739926739926
0.2957509157509157
0.40534798534798533
0.38036630036630037
0.4706227106227106
0.5987545787545788
0.6092307692307691
0.5383150183150184
0.6882051282051281
0.5874725274725274
0.7172161172161172
0.6575824175824175
0.8485714285714285
0.6865934065934066
0.8461538461538461
0.8646886446886446
0.9879853479853479
0.805054945054945
1.1781684981684981
1.1330402930402932
0.9106227106227106
1.203956043956044
1.302271062271062
1.1483516483516483
1.3272527472527471
1.4980952380952381
1.423150183150183
1.4158974358974357
1.7043956043956043
1.6197802197802198
1.5746520146520147
1.6399267399267399
1.8284981684981685
1.9082783882783882
1.8567032967032966
1.9429304029304026
1.938095238095238
1.991282051282051
2.0605860805860807
2.1145787545787544
2.2032234432234428
2.266886446886447
2.3555311355311352
2.1838827838827837
2.3668131868131868
2.5167032967032967
2.4514285714285715
2.4369230769230765
2.594065934065934
2.5424908424908423
2.374871794871795
2.8285714285714287
2.8293772893772893
2.606959706959707
2.795531135531135
2.866446886446886
2.7504029304029305
2.73992673992674
3.0106959706959704
2.913186813186813
2.7810256410256406
3.171062271062271
3.1356043956043953
2.9687912087912087
3.1412454212454213
2.9921611721611723
3.2258608058608056
3.1356043956043953
3.3
3.154139194139194
3.167838827838828
3.3
3.3
3.0824175824175826
3.3
3.3
3.256483516483516
3.2838827838827838
3.3
3.1968498168498165
3.1936263736263735
3.3
3.3
3.1194871794871792
3.2935531135531133
3.3
3.258095238095238
3.2806593406593403
3.21054945054945
3.1952380952380954
2.9188278388278386
3.3
3.2572893772893767
3.0646886446886445
3.258095238095238
3.1533333333333333
3.0066666666666664
3.0163369963369964
2.912380952380952
3.0163369963369964
2.6947985347985344
3.05018315018315
3.005054945054945
2.8060073260073257
2.9115750915750915
2.9518681318681317
2.6682051282051282
2.707692307692308
2.9679853479853477
2.659340659340659
2.6198534798534796
2.739120879120879
2.626300366300366
2.3909890109890113
2.4328937728937725
2.523150183150183
2.486080586080586
2.242710622710623
2.2781684981684984
2.2483516483516484
2.1806593406593406
2.1685714285714286
2.2169230769230768
1.8873260073260072
1.9445421245421244
2.082344322344322
1.7873992673992674
1.7366300366300367
1.8317216117216117
1.7237362637362637
1.5601465201465199
1.751941391941392
1.6769963369963368
1.4553846153846153
1.3691575091575092
1.5254945054945055
1.3135531135531135
1.2386080586080586
1.3852747252747253
1.1886446886446886
1.062124542124542
1.461025641025641
1.0677655677655677
0.9396336996336996
1.0347252747252746
0.9025641025641026
0.7365567765567765
0.7808791208791208
0.701098901098901
0.7663736263736263
0.7679853479853479
0.7373626373626374
0.7728205128205128
0.4673992673992674
0.49157509157509155
0.5584615384615385
0.49076923076923074
0.3416849816849816
0.25545787545787546
0.39164835164835166
0.303003663003663
0.2522344322344322
0.3602197802197802
0.23934065934065932
0.26673992673992675
0.3384615384615385
0.15553113553113554
0.014505494505494505
0.2063003663003663
0.07736263736263735
0.04835164835164835
0.1345787545787546
0.14424908424908423
0.0
0.0
0.06043956043956044
0.0
0.0
0.008864468864468863
0.025787545787545788
0.0
0.06285714285714285
0.08864468864468865
0.0
0.0
0.18937728937728937
0.1281318681318681
0.0
0.28849816849816845
0.1378021978021978
0.0
0.0
0.11282051282051282
0.07172161172161172
0.19179487179487179
0.2772161172161172
0.14505494505494507
0.17487179487179486
0.10153846153846152
0.27076923076923076
0.3706959706959707
0.4456410256410256
0.4319413919413919
0.7156043956043955
0.4561172161172161
0.7268864468864469
0.4682051282051282
0.5439560439560439
0.813113553113553
0.6398534798534798
0.49963369963369964
0.49963369963369964
0.8276190476190476
0.7663736263736263
0.8115018315018315
0.8509890109890109
0.8413186813186813
0.9243223443223443
1.1161172161172161
1.1580219780219778
1.0081318681318683
1.2668131868131867
1.306300366300366
1.4779487179487178
1.361098901098901
1.4545787545787545
1.4046153846153846
1.4513553113553113
1.8413919413919413
1.569010989010989
1.519047619047619
1.6979487179487178
1.8091575091575092
1.759194139194139
1.8567032967032966
1.784175824175824
1.8349450549450548
1.9759706959706957
2.191941391941392
2.1032967032967034
2.0202930402930406
2.2564102564102564
2.2894505494505495
2.2741391941391944
2.4151648351648354
2.5158974358974358
2.3853479853479853
2.4506227106227105
2.6682051282051282
2.473992673992674
2.484468864468864
2.8954578754578755
2.7697435897435896
2.581172161172161
2.8293772893772893
2.9147985347985346
2.8253479853479853
2.840659340659341
3.038901098901099
2.9647619047619047
3.0316483516483514
3.2516483516483516
3.063076923076923
2.9494505494505496
3.1291575091575092
3.071135531135531
3.0477655677655675
3.133992673992674
3.3
