1.095164835164835
2.6633699633699632
0.34007326007326005
3.3
0.0
3.2508424908424907
0.4472527472527473
2.4715750915750916
1.2724542124542124
1.569010989010989
2.1073260073260074
0.6358241758241758
3.05018315018315
0.020146520146520148
3.3
0.16600732600732598
2.7979487179487177
0.7631501831501831
2.0694505494505493
1.78014652014652
1.1362637362637362
2.5618315018315014
0.22967032967032966
3.208131868131868
0.0
3.1412454212454213
0.4432234432234432
2.568278388278388
1.1467399267399268
1.6093040293040293
2.2265934065934063
0.552014652014652
3.166227106227106
0.5375091575091575
3.0840293040293036
0.24981684981684982
2.9075457875457875
0.684981684981685
2.1589010989010986
1.697142857142857
0.9662271062271062
2.872893772893773
0.2893040293040293
3.013113553113553
0.1386080586080586
3.236336996336996
0.3416849816849816
2.642417582417582
1.2007326007326007
1.5399999999999998
2.332967032967033
0.5375091575091575
2.9357509157509156
0.1829304029304029
3.2677655677655677
0.11523809523809524
3.00989010989011
0.6720879120879121
1.9235897435897436
1.9526007326007324
1.0532600732600732
2.5086446886446887
0.3255677655677655
3.258095238095238
0.0
3.232307692307692
0.2691575091575092
2.535238095238095
1.2708424908424907
1.435238095238095
2.1532600732600735
0.6253479853479853
3.017948717948718
0.02901098901098901
3.3
0.0
3.013113553113553
0.7599267399267399
2.0460805860805857
1.6431501831501831
1.232161172161172
2.566666666666667
0.307032967032967
3.3
0.0
3.2315018315018316
0.6317948717948717
2.586813186813187
1.2724542124542124
1.6592673992673992
2.132307692307692
0.7027106227106227
3.0808058608058606
0.06527472527472528
3.3
0.15956043956043955
2.8414652014652013
0.7567032967032966
2.277362637362637
1.6455677655677654
1.1112820512820512
2.8148717948717947
0.19904761904761903
3.2983882783882783
0.03948717948717948
3.0864468864468866
0.38197802197802194
2.6682051282051282
1.17010989010989
1.597216117216117
2.2958974358974356
0.5906959706959707
3.029230769230769
0.0
3.3
0.20871794871794871
2.9776556776556777
0.5616849816849817
2.1709890109890106
1.697142857142857
1.0476190476190477
2.787472527472527
0.365054945054945
3.3
0.12007326007326007
3.2250549450549446
0.29978021978021974
2.705274725274725
1.286153846153846
1.6109157509157508
2.1766300366300366
0.7639560439560439
2.922051282051282
0.09750915750915749
3.20007326007326
0.05802197802197802
3.0969230769230767
0.73010989010989
2.0638095238095238
1.6455677655677654
1.1709157509157508
2.6456410256410257
0.40857142857142853
3.2194139194139195
0.0
3.274212454212454
0.3997069597069597
2.5054212454212452
1.2563369963369964
1.5448351648351648
2.012234432234432
0.7599267399267399
2.952673992673992
0.29655677655677654
3.3
0.0
3.0123076923076924
0.7405860805860806
2.2225641025641023
1.601245421245421
1.2458608058608056
2.752014652014652
0.2836630036630036
3.2476190476190476
0.0
3.163003663003663
0.5632967032967032
2.632747252747252
0.9807326007326007
1.743076923076923
2.0976556776556774
0.6269597069597068
3.0155311355311354
0.1506959706959707
3.241978021978022
0.1797069597069597
2.896263736263736
0.6438827838827839
2.395824175824176
1.5964102564102562
1.091135531135531
2.6682051282051282
0.35780219780219774
3.1404395604395603
0.049157509157509154
3.2186080586080585
0.2530402930402931
2.7745787545787546
1.1048351648351649
1.7382417582417582
2.1572893772893775
0.7502564102564102
3.003443223443223
0.022564102564102562
3.167838827838828
0.0
3.0799999999999996
0.6164835164835165
2.1057142857142854
1.7712820512820513
1.2313553113553113
2.5424908424908423
0.49963369963369964
3.0840293040293036
0.0
3.3
0.0967032967032967
2.727838827838828
1.1967032967032967
1.896996336996337
2.1073260073260074
0.9065934065934066
2.9035164835164835
0.1394139194139194
3.3
0.0
3.0066666666666664
0.6656410256410256
2.341025641025641
1.378021978021978
1.3119413919413918
2.796336996336996
0.35216117216117215
3.2838827838827838
0.0
3.2548717948717947
0.0
2.60051282051282
1.0113553113553113
1.4376556776556777
1.979194139194139
0.921098901098901
3.026007326007326
0.10153846153846152
3.2798534798534797
0.1635897435897436
2.9961904761904763
0.5947252747252747
2.2104761904761903
1.3917216117216116
1.2837362637362637
2.6835164835164833
0.3271794871794872
3.266153846153846
0.07333333333333333
3.2315018315018316
0.3336263736263736
2.7939194139194137
0.958974358974359
1.8276923076923075
2.086373626373626
0.718021978021978
2.948644688644688
0.10476190476190476
3.1259340659340658
0.04351648351648351
3.2468131868131866
0.5608791208791208
2.332967032967033
1.7164835164835164
1.2112087912087912
2.548131868131868
0.4867399267399267
3.1090109890109887
0.0
3.3
0.14263736263736265
2.8285714285714287
0.9815384615384615
1.7132600732600731
2.0750915750915753
0.41340659340659336
2.8317948717948713
0.1805128205128205
3.3
0.0
3.0082783882783883
0.6205128205128205
2.1186080586080585
1.4529670329670328
1.3385347985347984
1.975164835164835
0.4295238095238095
3.1444688644688643
0.03626373626373627
3.3
0.17245421245421244
2.638388278388278
0.9452747252747252
1.9469597069597069
1.8978021978021977
0.639047619047619
2.9147985347985346
0.04996336996336996
3.1694505494505494
0.012893772893772894
3.1807326007326004
0.5906959706959707
2.386959706959707
1.3304761904761904
1.2539194139194136
2.2934798534798535
0.37391941391941386
3.2677655677655677
0.07494505494505493
3.1331868131868132
0.29978021978021974
2.804395604395604
0.9090109890109889
1.8905494505494504
2.012234432234432
0.8284249084249083
2.9309157509157506
0.34410256410256407
3.1597802197802194
0.0
3.095311355311355
0.4553113553113553
2.5779487179487175
1.4698901098901098
1.1556043956043955
2.395824175824176
0.4464468864468864
3.113040293040293
0.041098901098901096
3.3
0.1418315018315018
2.7745787545787546
0.9855677655677655
1.8010989010989011
2.017069597069597
0.738168498168498
2.797142857142857
0.4166300366300366
3.3
0.0
3.121098901098901
0.5624908424908425
1.8147985347985347
1.5021245421245422
1.4005860805860806
2.4054945054945054
0.48835164835164835
3.021172161172161
0.0
3.3
0.15794871794871793
2.737509157509157
1.1628571428571428
1.9969230769230768
1.859120879120879
0.9501098901098901
2.8454945054945053
0.0
3.3
0.0032234432234432234
3.17992673992674
0.5923076923076923
2.378095238095238
1.3224175824175823
1.4827838827838828
2.448205128205128
0.35135531135531134
3.269377289377289
0.12732600732600732
3.1968498168498165
0.30622710622710625
2.8156776556776553
0.8534065934065934
1.9687179487179487
1.917142857142857
0.6664468864468864
2.8712820512820514
0.2610989010989011
3.1847619047619045
0.09992673992673992
3.0759706959706956
0.38197802197802194
2.436117216117216
1.469084249084249
1.278095238095238
2.4224175824175824
0.4536996336996337
2.9824908424908423
0.05963369963369963
3.3
0.18937728937728937
2.9349450549450546
0.7051282051282052
1.9227838827838826
1.917142857142857
0.8300366300366301
2.772161172161172
0.20952380952380953
3.1356043956043953
0.0
3.3
0.4738461538461538
2.352307692307692
1.5166300366300365
1.311135531135531
2.245934065934066
0.5858608058608058
3.0759706959706956
0.06446886446886448
3.3
0.1378021978021978
2.7528205128205125
0.9904029304029304
1.8228571428571427
2.023516483516483
0.9783150183150183
2.7004395604395603
0.18373626373626373
3.2669597069597067
0.0
3.2290842490842486
0.45289377289377286
2.3643956043956043
1.5045421245421244
1.5295238095238095
2.3007326007326006
0.4295238095238095
3.2516483516483516
0.0
3.2194139194139195
0.303003663003663
2.813260073260073
0.9356043956043956
2.00014652014652
1.8905494505494504
0.8816117216117215
2.839047619047619
0.09267399267399268
2.9550915750915747
0.15311355311355312
3.0123076923076924
0.4706227106227106
2.428058608058608
1.5158241758241757
1.4078388278388276
2.4369230769230765
0.47706959706959706
3.0936996336996336
0.1684249084249084
3.26051282051282
0.5028571428571428
2.9309157509157506
0.7397802197802197
2.0267399267399266
1.9824175824175825
0.8252014652014652
2.763296703296703
0.3328205128205128
3.2169963369963366
0.021758241758241755
3.138021978021978
0.3884249084249084
2.4707692307692306
1.4118681318681316
1.4038095238095236
2.237875457875458
0.5737728937728938
2.944615384615384
0.0
3.3
0.0
2.90029304029304
0.9090109890109889
2.00014652014652
1.8413919413919413
1.05003663003663
2.6883516483516483
0.09831501831501831
3.3
0.0
3.2371428571428567
0.5246153846153846
2.39018315018315
1.4513553113553113
1.5432234432234433
2.238681318681319
0.5939194139194139
3.2629304029304027
0.03223443223443224
3.3
0.20871794871794871
2.7898901098901097
0.8179487179487179
2.0654212454212453
1.751941391941392
1.0032967032967033
2.8229304029304028
0.0
3.3
0.055604395604395604
3.1992673992673994
0.5012454212454213
2.5956776556776555
1.4868131868131869
1.464249084249084
2.2314285714285713
0.5004395604395604
3.0646886446886445
0.031428571428571424
3.2032967032967035
0.004835164835164834
2.932527472527472
0.8429304029304029
1.9034432234432233
1.8776556776556776
1.062930402930403
2.813260073260073
0.3150915750915751
3.17992673992674
0.10153846153846152
3.2613186813186807
0.37553113553113554
2.544908424908425
1.3240293040293039
1.4892307692307691
2.241098901098901
0.6189010989010988
2.937362637362637
0.023369963369963366
3.3
0.0701098901098901
2.9268864468864466
0.6358241758241758
1.9945054945054945
1.793040293040293
1.0838827838827838
2.6536996336996337
0.2715750915750916
3.295970695970696
0.0
3.0985347985347986
0.5068864468864468
2.448205128205128
1.2813186813186814
1.569010989010989
2.4167765567765565
0.6358241758241758
3.121098901098901
0.08300366300366299
3.2032967032967035
0.2522344322344322
2.8777289377289375
0.7873260073260073
2.1306959706959705
1.5488644688644688
1.0895238095238093
2.7383150183150184
0.14989010989010987
3.3
0.08945054945054944
3.1356043956043953
0.4851282051282051
2.677069597069597
0.9597802197802198
1.627032967032967
2.2967032967032965
0.435970695970696
3.034065934065934
0.03545787545787545
3.1807326007326004
0.29736263736263735
3.005054945054945
0.734139194139194
1.9203663003663003
1.7100366300366299
1.095970695970696
2.843882783882784
0.24578754578754577
3.186373626373626
0.09992673992673992
3.0703296703296705
0.2852747252747253
2.6295238095238096
1.19992673992674
1.46021978021978
2.3007326007326006
0.6156776556776556
3.00989010989011
0.34007326007326005
3.3
0.0
3.0437362637362635
0.7156043956043955
1.9348717948717946
1.838168498168498
1.1370695970695972
2.548131868131868
0.27802197802197803
3.1928205128205125
0.0
3.2887179487179488
0.38117216117216113
2.527985347985348
1.261978021978022
1.5553113553113553
2.1895238095238096
0.6906227106227106
3.1025641025641026
0.0
3.3
0.0
2.8873992673992674
0.7792673992673993
2.174212454212454
1.5657875457875456
0.913040293040293
2.681098901098901
0.18857142857142856
3.224249084249084
0.012893772893772894
3.0936996336996336
0.5278388278388279
2.5594139194139194
1.3224175824175823
1.6850549450549448
2.2394871794871793
0.6962637362637362
3.1807326007326004
0.06446886446886448
3.2186080586080585
0.0
2.9776556776556777
0.655164835164835
2.1556776556776556
1.7084249084249084
1.0919413919413918
2.7568498168498166
0.16923076923076924
3.2355311355311356
0.06608058608058608
3.186373626373626
0.2788278388278388
2.76007326007326
1.1233699633699634
1.452161172161172
2.258827838827839
0.597948717948718
2.7810256410256406
0.29010989010989013
3.2895238095238093
0.0
3.0195604395604394
0.7607326007326007
2.0283516483516486
1.7543589743589743
0.9799267399267398
2.6158241758241756
0.44
3.2532600732600727
0.0
3.3
0.3723076923076923
2.5247619047619048
1.207985347985348
1.6463736263736264
2.37003663003663
0.7816849816849817
3.0308424908424905
0.06769230769230769
3.3
0.17003663003663003
2.876117216117216
0.6914285714285714
2.0597802197802197
1.5480586080586078
1.1145054945054944
2.6673992673992672
0.18373626373626373
3.3
0.01531135531135531
3.2887179487179488
0.3924542124542124
2.4909157509157507
1.0113553113553113
1.6890842490842488
2.624688644688644
0.6116483516483516
3.1098168498168497
0.045128205128205125
3.2411721611721607
0.09267399267399268
3.0558241758241755
0.5882783882783883
2.2394871794871793
1.6963369963369963
1.0266666666666666
2.691575091575092
0.30461538461538457
3.17025641025641
0.07333333333333333
3.3
0.2917216117216117
2.882564102564102
1.1273992673992674
1.569010989010989
2.642417582417582
0.9444688644688645
2.755238095238095
0.2610989010989011
3.3
0.0
3.1347985347985348
0.7204395604395604
2.12989010989011
1.6391208791208791
1.2128205128205127
2.6609523809523807
0.42146520146520144
3.3
0.0016117216117216117
3.258095238095238
0.2852747252747253
2.6134065934065935
1.224102564102564
1.730989010989011
2.324908424908425
0.8147252747252747
2.9156043956043955
0.0
3.3
0.3626373626373626
2.9228571428571426
0.8066666666666666
2.1315018315018315
1.5520879120879119
1.2885714285714285
2.5594139194139194
0.19501831501831499
3.3
0.014505494505494505
3.19040293040293
0.36666666666666664
2.721391941391941
1.2466666666666666
1.7753113553113553
2.12021978021978
0.6543589743589744
2.996996336996337
0.13135531135531134
3.2548717948717947
0.21194139194139194
3.1057875457875457
0.5504029304029304
2.3845421245421243
1.5867399267399267
1.058095238095238
2.693186813186813
0.4851282051282051
3.1493040293040293
0.13538461538461538
3.077582417582417
0.25384615384615383
2.7745787545787546
1.07018315018315
1.6568498168498167
2.1846886446886447
0.7405860805860806
2.830989010989011
0.15956043956043955
3.237948717948718
0.0
3.1517216117216114
0.39567765567765567
2.295091575091575
1.6157509157509158
1.2297435897435898
2.5376556776556773
0.4593406593406593
3.291941391941392
0.0
3.3
0.2610989010989011
2.612600732600732
1.2611721611721611
1.739047619047619
2.1589010989010986
0.8485714285714285
2.999413919413919
0.14989010989010987
3.3
0.2216117216117216
2.9147985347985346
0.7728205128205128
2.233040293040293
1.494871794871795
1.298241758241758
2.5545787545787544
0.41018315018315016
3.3
0.0
3.3
0.31670329670329667
2.735897435897436
0.9525274725274725
1.8623443223443221
2.0283516483516486
0.5125274725274724
3.2290842490842486
0.08864468864468865
3.1807326007326004
0.1241025641025641
3.025201465201465
0.5657142857142857
2.2314285714285713
1.4964835164835164
1.037948717948718
2.5457142857142854
0.36666666666666664
3.1517216117216114
0.0854212454212454
3.2516483516483516
0.2562637362637362
2.7665201465201466
1.041172161172161
1.6778021978021977
2.5424908424908423
0.7663736263736263
2.6746520146520143
0.22967032967032966
3.2677655677655677
0.014505494505494505
3.1613919413919414
0.5407326007326007
2.0646153846153847
1.6205860805860803
1.199120879120879
2.4586813186813186
0.4424175824175824
3.073553113553113
0.0
3.3
0.2917216117216117
2.721391941391941
1.2958241758241758
1.8293040293040292
1.9663003663003662
0.8791941391941391
2.8293772893772893
0.19663003663003661
3.3
0.0684981684981685
3.0598534798534796
0.7421978021978022
2.349084249084249
1.465054945054945
1.3369230769230769
2.481245421245421
0.41098901098901097
3.2645421245421242
0.0
3.1082051282051277
0.24417582417582417
2.8189010989010987
0.9243223443223443
1.9106959706959705
2.025128205128205
0.7792673992673993
2.9776556776556777
0.10959706959706958
3.202490842490842
0.07172161172161172
3.0703296703296705
0.5632967032967032
2.386153846153846
1.4594139194139193
1.3562637362637362
2.5054212454212452
0.5318681318681319
3.045347985347985
0.10153846153846152
3.2613186813186807
0.14505494505494507
2.864835164835165
0.7438095238095237
1.7688644688644688
2.1194139194139194
0.7953846153846154
2.8616117216117214
0.19904761904761903
3.2226373626373626
0.0
3.1968498168498165
0.469010989010989
2.316849816849817
1.5577289377289376
1.2974358974358975
2.3813186813186813
0.5358974358974359
3.1734798534798534
0.0
3.3
0.13054945054945055
2.8068131868131867
1.1096703296703296
1.8131868131868132
1.8784615384615382
0.9146520146520146
2.797142857142857
0.18373626373626373
3.3
0.15311355311355312
3.0517948717948715
0.6688644688644688
2.3515018315018312
1.4134798534798534
1.3554578754578752
2.3990476190476193
0.33604395604395604
3.2677655677655677
0.0
3.183956043956044
0.28124542124542123
2.764102564102564
0.8461538461538461
1.9896703296703295
1.9469597069597069
0.8018315018315019
2.904322344322344
0.2482051282051282
3.208131868131868
0.22725274725274722
3.0904761904761906
0.4263003663003663
2.4135531135531134
1.4013919413919413
1.3723809523809523
2.4909157509157507
0.5334798534798535
3.0663003663003665
0.10395604395604395
3.2387545787545786
0.09992673992673992
2.787472527472527
0.963003663003663
1.8204395604395605
1.8075457875457874
0.8936996336996337
2.795531135531135
0.17245421245421244
3.2709890109890107
0.033846153846153845
3.2258608058608056
0.3779487179487179
2.4151648351648354
1.4964835164835164
1.4030036630036629
2.3136263736263736
0.5342857142857143
3.2178021978021976
0.0
3.3
0.15311355311355312
2.7665201465201466
1.0178021978021976
1.9332600732600733
1.7978754578754577
0.8566300366300366
2.8672527472527474
0.08945054945054944
3.3
0.136996336996337
3.1404395604395603
0.5238095238095238
2.3200732600732596
1.3288644688644689
1.569010989010989
2.3909890109890113
0.3723076923076923
3.182344322344322
0.025787545787545788
3.296776556776557
0.1652014652014652
2.843076923076923
0.8211721611721611
1.975164835164835
2.0871794871794873
0.8187545787545787
2.8793406593406594
0.18695970695970693
3.232307692307692
0.0838095238095238
3.1356043956043953
0.47223443223443223
2.594065934065934
1.402197802197802
1.1322344322344322
2.4635164835164836
0.6052014652014651
3.087252747252747
0.10315018315018315
3.3
0.038681318681318674
2.8197069597069593
0.8993406593406593
1.8784615384615382
1.925201465201465
0.9928205128205128
2.7737728937728936
0.1668131868131868
3.3
0.05399267399267399
3.2306959706959706
0.4835164835164835
2.3595604395604393
1.432014652014652
1.456996336996337
2.335384615384615
0.5810256410256409
3.241978021978022
0.0
3.3
0.2336996336996337
2.8277655677655673
0.7615384615384615
2.0428571428571427
1.8043223443223442
0.9501098901098901
2.838241758241758
0.10073260073260074
3.3
0.02095238095238095
2.993772893772894
0.5044688644688644
2.5594139194139194
1.2845421245421245
1.4513553113553113
2.3764835164835163
0.37553113553113554
3.258095238095238
0.09267399267399268
3.163809523809524
0.2353113553113553
2.9921611721611723
0.8034432234432234
1.9977289377289378
1.988058608058608
0.8936996336996337
2.8100366300366297
0.42065934065934063
3.2218315018315016
0.06769230769230769
3.3
0.3199267399267399
2.448205128205128
1.4126739926739926
1.4594139194139193
2.3176556776556776
0.6865934065934066
3.0936996336996336
0.1652014652014652
3.3
0.09750915750915749
3.0082783882783883
1.0339194139194139
1.9582417582417582
1.9364835164835164
0.9863736263736264
2.733479853479853
0.2336996336996337
3.3
0.009670329670329669
3.1194871794871792
0.5084981684981684
2.4296703296703295
1.2587545787545786
1.618168498168498
2.2926739926739925
0.5931135531135531
3.1694505494505494
0.010476190476190476
3.2597069597069597
0.2514285714285714
2.929304029304029
0.8106959706959707
2.096849816849817
1.6834432234432235
0.9412454212454212
2.842271062271062
0.21355311355311354
3.2016849816849815
0.0
3.1227106227106227
0.32798534798534795
2.606959706959707
1.315164835164835
1.311135531135531
2.374871794871795
0.4061538461538461
2.932527472527472
0.12652014652014654
3.2903296703296703
0.05238095238095238
2.937362637362637
0.6624175824175824
1.9735531135531135
1.9582417582417582
0.9976556776556775
2.6714285714285713
0.35216117216117215
3.2685714285714282
0.0
3.2887179487179488
0.49963369963369964
2.4747985347985346
1.353040293040293
1.3224175824175823
2.198388278388278
0.6567765567765568
3.0437362637362635
0.00402930402930403
3.3
0.136996336996337
2.7504029304029305
0.9605860805860805
2.049304029304029
1.601245421245421
1.0879120879120878
2.7423443223443225
0.20307692307692304
3.3
0.0
3.1090109890109887
0.4303296703296703
2.5295970695970693
1.1797802197802196
1.6544322344322344
2.22981684981685
0.597948717948718
3.125128205128205
0.06769230769230769
3.125128205128205
0.18695970695970693
2.9768498168498168
0.6454945054945054
2.1105494505494504
1.7938461538461536
0.9299633699633699
2.808424908424908
0.3150915750915751
3.171868131868132
0.0838095238095238
3.198461538461538
0.3255677655677655
2.7850549450549447
1.3167765567765568
1.4167032967032966
2.258021978021978
0.647106227106227
2.987326007326007
0.09589743589743589
3.3
0.0
2.9357509157509156
0.8235897435897436
1.991282051282051
1.7140659340659339
1.0879120879120878
2.6279120879120876
0.3465201465201465
3.3
0.0
3.3
0.43355311355311354
2.532820512820513
1.3272527472527471
1.7164835164835164
2.1556776556776556
0.6825641025641025
3.20007326007326
0.03626373626373627
3.3
0.14505494505494507
2.893040293040293
0.9895970695970695
2.1911355311355307
1.647985347985348
1.0919413919413918
2.7584615384615385
0.2465934065934066
3.2508424908424907
0.2353113553113553
3.085641025641025
0.3328205128205128
2.6714285714285713
1.1201465201465202
1.5754578754578754
2.3619780219780218
0.5858608058608058
2.9615384615384617
0.14989010989010987
3.2766300366300363
0.15553113553113554
2.8712820512820514
0.7083516483516483
2.1556776556776556
1.709230769230769
0.9904029304029304
2.6375824175824176
0.303003663003663
3.1887912087912085
0.0
3.3
0.37956043956043956
2.598901098901099
1.27003663003663
1.4868131868131869
2.2322344322344323
0.7373626373626374
2.9317216117216116
0.06124542124542124
3.3
0.08945054945054944
2.9019047619047615
0.9476923076923076
2.083956043956044
1.7019780219780218
1.1652747252747253
2.615018315018315
0.3215384615384615
3.3
0.0
3.2210256410256406
0.4383882783882783
2.59003663003663
1.1362637362637362
1.6979487179487178
2.078315018315018
0.5600732600732601
2.8164835164835167
0.041098901098901096
3.2935531135531133
0.041098901098901096
2.9671794871794868
0.672893772893773
2.2169230769230768
1.6068864468864468
1.0339194139194139
2.7205860805860804
0.19904761904761903
3.187179487179487
0.09025641025641025
3.187179487179487
0.21274725274725273
2.8003663003663
1.1177289377289377
1.5472527472527473
2.2201465201465203
0.6237362637362637
2.868058608058608
0.16600732600732598
3.2387545787545786
0.12652014652014654
3.077582417582417
0.6833699633699633
2.0895970695970694
1.7704761904761903
1.1096703296703296
2.628717948717948
0.21677655677655677
3.183956043956044
0.0
3.3
0.17487179487179486
2.6617582417582417
1.207985347985348
1.6173626373626373
2.0646153846153847
0.8767765567765566
3.061465201465201
0.0
3.3
0.02095238095238095
2.9534798534798536
0.4851282051282051
2.2056410256410257
1.6931135531135528
1.174139194139194
2.638388278388278
0.29333333333333333
3.3
0.02095238095238095
3.1356043956043953
0.39567765567765567
2.83018315018315
1.0065201465201465
1.6415384615384614
2.148424908424908
0.6293772893772893
2.929304029304029
0.1378021978021978
3.192014652014652
0.19018315018315018
3.0743589743589745
0.6487179487179487
2.2765567765567765
1.768058608058608
1.0935531135531134
2.65047619047619
0.6599999999999999
3.138021978021978
0.0
3.3
0.21435897435897436
2.581172161172161
1.220879120879121
1.49003663003663
2.1750183150183147
0.8058608058608059
2.8898168498168495
0.10395604395604395
3.258095238095238
0.0
3.055018315018315
0.6599999999999999
2.1871062271062267
1.456996336996337
1.2643956043956044
2.4868864468864467
0.3465201465201465
3.3
0.0
3.2895238095238093
0.41501831501831504
2.725421245421245
1.0653479853479852
1.8123809523809524
2.058168498168498
0.7655677655677655
3.0679120879120876
0.02901098901098901
3.3
0.05318681318681318
2.983296703296703
0.5947252747252747
2.4345054945054945
1.5303296703296703
1.1628571428571428
2.6295238095238096
0.16923076923076924
3.167838827838828
0.13054945054945055
3.0002197802197803
0.28608058608058606
2.8116483516483513
0.9936263736263735
1.722124542124542
2.146007326007326
0.7478388278388277
2.954285714285714
0.21355311355311354
3.138827838827839
0.0
3.038901098901099
0.4738461538461538
2.2523809523809524
1.6931135531135528
1.0975824175824174
2.3337728937728937
0.47626373626373625
3.158974358974359
0.04593406593406593
3.2371428571428567
0.26593406593406593
2.6883516483516483
1.1604395604395605
1.7100366300366299
1.9896703296703295
0.8824175824175824
2.8358241758241753
0.07736263736263735
3.295164835164835
0.0
2.9188278388278386
0.5923076923076923
2.2322344322344323
1.4449084249084247
1.3514285714285712
2.48043956043956
0.3537728937728937
3.2709890109890107
0.0
3.287106227106227
0.3779487179487179
2.745567765567765
