0.19663003663003661
2.2757509157509155
2.261245421245421
0.33201465201465197
3.2178021978021976
0.44
2.2757509157509155
1.9614652014652014
0.2804395604395604
3.3
0.31186813186813184
2.1790476190476187
2.2217582417582418
0.38600732600732596
3.258095238095238
0.2465934065934066
2.3297435897435896
2.108131868131868
0.15875457875457874
3.3
0.32798534798534795
2.2362637362637363
2.009010989010989
0.4230769230769231
3.2411721611721607
0.09912087912087912
2.1790476190476187
2.0992673992673994
0.3868131868131868
3.3
0.3489377289377289
2.312820512820513
2.133919413919414
0.273992673992674
3.3
0.38520146520146514
2.2104761904761903
2.1266666666666665
0.4657875457875458
3.3
0.09186813186813186
2.3015384615384615
2.132307692307692
0.31186813186813184
3.296776556776557
0.42549450549450546
2.3063736263736265
2.100879120879121
0.3924542124542124
3.3
0.23934065934065932
2.1750183150183147
1.9928937728937728
0.48029304029304026
3.1219047619047617
0.1515018315018315
2.335384615384615
2.1532600732600735
0.29978021978021974
3.2290842490842486
0.35619047619047617
2.262051282051282
2.011428571428571
0.4851282051282051
3.3
0.1772893772893773
2.1975824175824177
2.112161172161172
0.2756043956043956
3.3
0.31186813186813184
2.3539194139194137
1.755970695970696
0.28849816849816845
3.3
0.3892307692307692
2.233846153846154
1.9767765567765567
0.5052747252747253
3.3
0.10556776556776555
2.327326007326007
2.086373626373626
0.3586080586080586
3.2613186813186807
0.4867399267399267
2.3603663003663002
2.084761904761905
0.3779487179487179
3.3
0.31186813186813184
2.237069597069597
2.125054945054945
0.5133333333333333
3.3
0.136996336996337
2.3652014652014652
2.2032234432234428
0.36344322344322344
3.287106227106227
0.3473260073260073
2.258827838827839
1.8325274725274725
0.28608058608058606
3.2476190476190476
0.06446886446886448
2.257216117216117
2.0952380952380953
0.41340659340659336
3.1162637362637358
0.24256410256410255
2.403882783882784
2.013040293040293
0.23772893772893772
3.3
0.3884249084249084
2.2523809523809524
1.8607326007326006
0.4520879120879121
3.2516483516483516
0.12893772893772895
2.3555311355311352
2.035604395604395
0.4295238095238095
3.1936263736263735
0.2619047619047619
2.3966300366300364
2.0420512820512817
0.3706959706959707
3.3
0.1797069597069597
2.2362637362637363
2.12989010989011
0.5197802197802198
3.154945054945055
0.1394139194139194
2.4296703296703295
2.1790476190476187
0.3997069597069597
3.3
0.2651282051282051
2.3676190476190477
1.7978754578754577
0.5794139194139194
3.3
0.22241758241758242
2.327326007326007
1.917142857142857
0.5761904761904761
3.167838827838828
0.3731135531135531
2.473992673992674
1.9348717948717946
0.38600732600732596
3.3
0.05641025641025641
2.2838095238095235
2.108937728937729
0.5455677655677655
3.17992673992674
0.0
2.4570695970695966
2.2781684981684984
0.5181684981684982
3.1565567765567764
0.3191208791208791
2.353113553113553
1.842197802197802
0.45450549450549443
3.3
0.4472527472527473
2.291062271062271
2.1427838827838825
0.4287179487179487
3.2355311355311356
0.26029304029304023
2.4183882783882784
1.7342124542124542
0.3231501831501831
3.3
0.2949450549450549
2.2838095238095235
2.025128205128205
0.5826373626373627
3.2927472527472528
0.023369963369963366
2.382930402930403
2.1750183150183147
0.40776556776556777
3.1259340659340658
0.17648351648351646
2.4135531135531134
1.8599267399267398
0.47223443223443223
3.3
0.25384615384615383
2.3257142857142856
1.8728205128205129
0.5778021978021978
3.2194139194139195
0.0701098901098901
2.395824175824176
1.83010989010989
0.42065934065934063
3.295164835164835
0.4182417582417582
2.3934065934065933
1.768058608058608
0.4424175824175824
3.3
0.249010989010989
2.324908424908425
1.9622710622710622
0.5778021978021978
3.1775091575091574
0.2627106227106227
2.5086446886446887
1.884908424908425
0.21919413919413916
3.3
0.16439560439560438
2.3265201465201466
1.7027838827838826
0.5342857142857143
3.3
0.0
2.452234432234432
1.9945054945054945
0.48432234432234433
3.124322344322344
0.21435897435897436
2.5424908424908423
1.9453479853479854
0.46498168498168496
3.3
0.0
2.383736263736264
1.988058608058608
0.5205860805860805
3.258095238095238
0.08139194139194138
2.4586813186813186
1.9534065934065934
0.42065934065934063
3.2613186813186807
0.29655677655677654
2.5158974358974358
1.950989010989011
0.639047619047619
3.3
0.16036630036630034
2.316849816849817
1.8526739926739926
0.4738461538461538
3.216190476190476
0.21677655677655677
2.3990476190476193
1.9356776556776556
0.5737728937728938
3.3
0.35538461538461535
2.3676190476190477
1.8615384615384616
0.4416117216117216
3.3
0.06205128205128205
2.3265201465201466
1.967106227106227
0.43355311355311354
3.196043956043956
0.10717948717948718
2.56021978021978
1.9356776556776556
0.5133333333333333
3.3
0.298974358974359
2.328937728937729
1.9235897435897436
0.6712820512820512
3.2548717948717947
0.32476190476190475
2.5424908424908423
1.8994139194139192
0.5995604395604395
3.3
0.26593406593406593
2.4095238095238094
1.6616849816849815
0.6052014652014651
3.3
0.0
2.3458608058608057
1.9864468864468865
0.6326007326007326
3.2129670329670326
0.14344322344322344
2.527985347985348
1.8744322344322342
0.35780219780219774
3.3
0.2522344322344322
2.2725274725274724
1.7817582417582416
0.5641025641025641
3.3
0.1797069597069597
2.479633699633699
1.9469597069597069
0.3481318681318681
3.21054945054945
0.31025641025641026
2.476410256410256
1.8389743589743588
0.5326739926739926
3.3
0.13538461538461538
2.3893772893772893
1.913113553113553
0.6317948717948717
3.236336996336996
0.4166300366300366
2.5416849816849814
1.8430036630036628
0.5874725274725274
3.2983882783882783
0.31267399267399265
2.4586813186813186
1.7624175824175823
0.6664468864468864
3.3
0.017728937728937726
2.428058608058608
1.872014652014652
0.4536996336996337
3.1775091575091574
0.07575091575091575
2.634358974358974
1.7172893772893771
0.6648351648351648
3.3
0.1257142857142857
2.3805128205128203
1.858315018315018
0.523003663003663
3.2290842490842486
0.002417582417582417
2.624688644688644
1.9663003663003662
0.6197069597069597
3.26051282051282
0.16197802197802197
2.5553846153846154
1.7293772893772892
0.6938461538461538
3.3
0.009670329670329669
2.4006593406593404
1.7712820512820513
0.5528205128205127
3.1613919413919414
0.0
2.6601465201465198
1.793040293040293
0.5044688644688644
3.3
0.1232967032967033
2.4030769230769233
1.7285714285714286
0.5963369963369963
3.2709890109890107
0.09347985347985346
2.552161172161172
1.9429304029304026
0.5133333333333333
3.183956043956044
0.23853479853479853
2.693186813186813
1.7398534798534797
0.6003663003663003
3.3
0.045128205128205125
2.3909890109890113
1.7809523809523808
0.539120879120879
3.186373626373626
0.15956043956043955
2.5658608058608054
1.784981684981685
0.5157509157509158
3.3
0.21919413919413916
2.574725274725275
1.784175824175824
0.6519413919413919
3.2863003663003663
0.07413919413919413
2.5215384615384613
1.880879120879121
0.498021978021978
3.206520146520146
0.02901098901098901
2.465128205128205
1.6810256410256408
0.49076923076923074
3.3
0.2627106227106227
2.5876190476190475
1.8832967032967032
0.680952380952381
3.2049084249084245
0.307032967032967
2.566666666666667
1.7873992673992674
0.49963369963369964
3.3
0.2465934065934066
2.5295970695970693
1.7277655677655677
0.5995604395604395
3.3
0.07252747252747253
2.6117948717948716
1.863150183150183
0.5318681318681319
3.1396336996336993
0.25545787545787546
2.6907692307692304
1.5665934065934066
0.6317948717948717
3.3
0.07413919413919413
2.42
1.7873992673992674
0.713992673992674
3.1613919413919414
0.3924542124542124
2.592454212454212
1.8139926739926737
0.5971428571428571
3.192014652014652
0.21677655677655677
2.632747252747252
1.5778754578754577
0.5947252747252747
3.3
0.09750915750915749
2.51025641025641
1.7865934065934064
0.6326007326007326
3.1452747252747253
0.08945054945054944
2.574725274725275
1.6552380952380952
0.7534798534798535
3.3
0.04996336996336996
2.374871794871795
1.7616117216117215
0.7486446886446886
3.196043956043956
0.0
2.635164835164835
1.7696703296703296
0.4577289377289377
3.182344322344322
0.21355311355311354
2.6037362637362635
1.44007326007326
0.7405860805860806
3.2452014652014647
0.04835164835164835
2.49010989010989
1.7769230769230768
0.5504029304029304
3.163809523809524
0.0
2.685934065934066
1.7172893772893771
0.5552380952380952
3.258095238095238
0.2578754578754579
2.5199267399267398
1.627032967032967
0.7647619047619048
3.3
0.0
2.5038095238095233
1.7656410256410255
0.5060805860805861
3.142051282051282
0.21597069597069596
2.626300366300366
1.6761904761904762
0.5487912087912087
3.3
0.19582417582417583
2.544908424908425
1.6826373626373625
0.8872527472527472
3.1476923076923073
0.01531135531135531
2.753626373626373
1.8043223443223442
0.27641025641025635
3.1767032967032964
0.20227106227106226
2.39985347985348
1.626227106227106
0.40695970695970696
3.265347985347985
0.14908424908424908
2.5795604395604395
1.7189010989010989
0.5987545787545788
3.186373626373626
0.014505494505494505
2.622271062271062
1.8446153846153845
0.6229304029304028
3.19040293040293
0.13619047619047617
2.5739194139194135
1.593992673992674
0.6599999999999999
3.3
0.041098901098901096
2.51025641025641
1.767252747252747
0.5963369963369963
3.0864468864468866
0.08461538461538462
2.5513553113553114
1.6383150183150181
0.5487912087912087
3.3
0.24095238095238095
2.493333333333333
1.6133333333333333
0.7478388278388277
3.2347252747252746
0.0
2.735897435897436
1.767252747252747
0.6914285714285714
3.1227106227106227
0.13377289377289375
2.6714285714285713
1.5778754578754577
0.7462271062271062
3.3
0.04593406593406593
2.497362637362637
1.7100366300366299
0.6825641025641025
3.1090109890109887
0.0
2.647252747252747
1.73018315018315
0.6269597069597068
3.2806593406593403
0.24256410256410255
2.6134065934065935
1.5561172161172159
0.7421978021978022
3.2822710622710622
0.013699633699633697
2.6416117216117216
1.7535531135531133
0.7591208791208791
3.1767032967032964
0.07816849816849816
2.6665934065934063
1.6117216117216118
0.48432234432234433
3.2669597069597067
0.08139194139194138
2.478021978021978
1.6407326007326006
0.7824908424908424
3.2129670329670326
0.0
2.655311355311355
1.755970695970696
0.7550915750915751
3.121098901098901
0.1652014652014652
2.701245421245421
1.5649816849816849
0.8832234432234431
3.2290842490842486
0.023369963369963366
2.5384615384615383
1.6729670329670328
0.8969230769230768
3.1259340659340658
0.09186813186813186
2.6520879120879117
1.697142857142857
0.5471794871794872
3.1968498168498165
0.19501831501831499
2.593260073260073
1.5359706959706958
0.7784615384615384
3.3
0.041098901098901096
2.5545787545787544
1.722124542124542
0.8969230769230768
3.0936996336996336
0.07172161172161172
2.715750915750916
1.593992673992674
0.7309157509157509
3.2403663003663
0.10959706959706958
2.5215384615384613
1.577069597069597
0.8501831501831502
3.2516483516483516
0.0
2.880952380952381
1.7205128205128206
0.7252747252747253
3.1275457875457873
0.16600732600732598
2.7745787545787546
1.5464468864468863
0.6777289377289376
3.2178021978021976
0.15311355311355312
2.647252747252747
1.6165567765567763
0.9654212454212453
3.186373626373626
0.0
2.8712820512820514
1.6528205128205127
0.3424908424908425
3.3
0.12974358974358974
2.725421245421245
1.5166300366300365
0.8872527472527472
3.3
0.11604395604395604
2.626300366300366
1.6713553113553112
0.9347985347985348
3.248424908424908
0.0709157509157509
2.90029304029304
1.5488644688644688
0.7019047619047618
3.2339194139194136
0.17567765567765567
2.87047619047619
1.5198534798534797
0.7397802197802197
3.2774358974358972
0.0016117216117216117
2.685934065934066
1.7156776556776556
0.7421978021978022
3.15010989010989
0.06527472527472528
2.7487912087912085
1.5367765567765566
0.5810256410256409
3.3
0.058827838827838826
2.5416849816849814
1.601245421245421
0.5947252747252747
3.0969230769230767
0.0
2.7568498168498166
1.652014652014652
0.7486446886446886
3.1291575091575092
0.10315018315018315
2.7286446886446885
1.4038095238095236
0.7889377289377288
3.2645421245421242
0.0
2.632747252747252
1.627032967032967
1.0403663003663004
3.1122344322344317
0.05721611721611721
2.9027106227106225
1.5263003663003663
0.7953846153846154
3.1533333333333333
0.21597069597069596
2.638388278388278
1.4964835164835164
0.9162637362637363
3.3
0.0
2.7246153846153844
1.6802197802197802
0.7849084249084248
3.0808058608058606
0.06688644688644688
2.892234432234432
1.44007326007326
0.7744322344322344
3.3
0.06527472527472528
2.618241758241758
1.502930402930403
0.9356043956043956
2.932527472527472
0.0
2.874505494505494
1.6326739926739926
0.7905494505494505
3.1436630036630033
0.2562637362637362
2.7737728937728936
1.4247619047619047
0.7583150183150182
3.224249084249084
0.0008058608058608059
2.535238095238095
1.58996336996337
0.8421245421245421
3.1936263736263735
0.0016117216117216117
2.729450549450549
1.5174358974358972
0.6817582417582417
3.2572893772893767
0.1684249084249084
2.452234432234432
1.423956043956044
0.9718681318681318
3.3
0.0
2.685934065934066
1.523076923076923
0.8018315018315019
3.087252747252747
0.11120879120879121
2.9591208791208787
1.4086446886446886
0.7615384615384615
3.2774358974358972
0.05802197802197802
2.548937728937729
1.5399999999999998
0.7470329670329671
3.0243956043956044
0.0032234432234432234
2.8108424908424907
1.5448351648351648
0.7430036630036629
3.1162637362637358
0.09831501831501831
2.787472527472527
1.3723809523809523
1.095164835164835
3.3
0.016923076923076923
2.638388278388278
1.5399999999999998
1.0202197802197803
2.912380952380952
0.0
2.8068131868131867
1.4658608058608058
0.805054945054945
3.2113553113553115
0.16278388278388276
2.7326739926739925
1.4013919413919413
0.7760439560439559
3.17025641025641
0.0
2.6214652014652016
1.5399999999999998
0.722051282051282
3.0082783882783883
0.051575091575091575
2.9067399267399265
1.3675457875457875
0.7881318681318681
3.19040293040293
0.10798534798534798
2.761684981684981
1.4529670329670328
0.9299633699633699
3.17025641025641
0.0
2.792307692307692
1.577069597069597
0.805054945054945
3.042124542124542
0.19098901098901097
2.8366300366300368
1.5198534798534797
0.7728205128205128
3.3
0.0016117216117216117
2.722197802197802
1.4940659340659341
1.1273992673992674
3.0485714285714285
0.0016117216117216117
3.0195604395604394
1.4876190476190474
0.8421245421245421
3.132380952380952
0.11282051282051282
2.8712820512820514
1.3957509157509156
0.8574358974358974
3.3
0.0
2.7769963369963366
1.5448351648351648
0.884029304029304
3.0308424908424905
0.04351648351648351
2.88014652014652
1.427179487179487
0.7164102564102564
3.2645421245421242
0.10315018315018315
2.7165567765567764
1.4013919413919413
1.0081318681318683
3.1356043956043953
0.0
2.9228571428571426
1.5383882783882783
0.8775824175824175
3.1484981684981683
0.09831501831501831
2.87047619047619
1.386080586080586
0.9057875457875457
3.2387545787545786
0.04593406593406593
2.6738461538461538
1.593992673992674
0.8542124542124542
3.2774358974358972
0.03223443223443224
2.805201465201465
1.5198534798534797
0.7486446886446886
3.132380952380952
0.1418315018315018
3.0147252747252744
1.3506227106227104
0.9001465201465201
3.2153846153846155
0.0
2.735897435897436
1.5021245421245422
0.9807326007326007
2.9389743589743587
0.08864468864468865
2.9357509157509156
1.365934065934066
0.7583150183150182
3.20007326007326
0.12007326007326007
2.8197069597069593
1.3473992673992672
0.9581684981684981
3.077582417582417
0.0
2.9027106227106225
1.606080586080586
0.7131868131868132
3.0276190476190474
0.14344322344322344
2.638388278388278
1.3465934065934064
0.888058608058608
3.1855677655677654
0.06366300366300366
2.7568498168498166
1.4852014652014651
1.0919413919413918
3.142051282051282
0.0
2.757655677655677
1.4078388278388276
0.8300366300366301
3.061465201465201
0.13538461538461538
2.739120879120879
1.2829304029304027
0.9694505494505493
3.2129670329670326
0.0
2.779413919413919
1.452161172161172
1.037948717948718
3.042124542124542
0.012893772893772894
2.928498168498168
1.378021978021978
0.8380952380952381
3.1807326007326004
0.136996336996337
2.722197802197802
1.2934065934065935
1.0484249084249084
3.1098168498168497
0.0
2.8358241758241753
1.4465201465201465
0.7349450549450549
3.3
0.13135531135531134
2.741538461538461
1.2958241758241758
0.9557509157509156
3.133992673992674
0.0
2.7729670329670326
1.4997069597069594
1.0145787545787546
2.995384615384615
0.0
2.791501831501831
1.3884981684981683
0.8421245421245421
3.1992673992673994
0.13216117216117215
2.7028571428571424
1.3280586080586079
1.0758241758241758
3.3
0.0
2.8793406593406594
1.4755311355311354
0.9678388278388278
3.0477655677655675
0.11201465201465201
2.938168498168498
1.3208058608058608
1.0556776556776557
3.046959706959707
0.03626373626373627
2.7423443223443225
1.36996336996337
1.0210256410256409
3.069523809523809
0.0
2.9905494505494503
1.3876923076923076
0.921098901098901
3.133992673992674
0.11362637362637361
2.779413919413919
1.236996336996337
0.9243223443223443
2.9671794871794868
0.0
2.8954578754578755
1.4207326007326007
0.8501831501831502
3.0824175824175826
0.08139194139194138
2.796336996336996
1.241025641025641
0.9106227106227106
3.3
0.020146520146520148
2.697216117216117
1.2756776556776557
1.1709157509157508
2.98007326007326
0.03223443223443224
3.0808058608058606
1.2506959706959706
0.813113553113553
3.2709890109890107
0.0854212454212454
2.792307692307692
1.306300366300366
1.224102564102564
3.0517948717948715
0.0
2.8873992673992674
1.3844688644688643
0.9025641025641026
3.1146520146520147
0.07172161172161172
2.9695970695970697
1.2426373626373626
1.0194139194139193
3.1025641025641026
0.00805860805860806
2.860805860805861
1.3554578754578752
1.1
3.0324542124542124
0.0
3.0195604395604394
1.27003663003663
0.871941391941392
3.2194139194139195
0.11120879120879121
3.1484981684981683
1.2466666666666666
1.1080586080586081
3.2669597069597067
0.0
2.9019047619047615
1.4030036630036629
0.8832234432234431
3.054212454212454
0.16036630036630034
2.9679853479853477
1.2998534798534798
0.9847619047619047
3.3
0.04673992673992673
2.7504029304029305
1.2845421245421245
1.1064468864468864
2.741538461538461
0.0
3.1162637362637358
1.19992673992674
0.9928205128205128
3.158168498168498
0.11120879120879121
2.7939194139194137
1.302271062271062
1.0274725274725274
3.1331868131868132
0.0
3.0002197802197803
1.3353113553113551
1.0161904761904763
2.9615384615384617
0.07897435897435896
3.0679120879120876
1.1354578754578755
0.9621978021978022
3.1936263736263735
0.03545787545787545
2.88014652014652
1.3256410256410256
0.9331868131868131
2.9663736263736262
0.0
3.0517948717948715
1.34981684981685
0.9235164835164834
3.00989010989011
0.10315018315018315
3.077582417582417
1.1523809523809523
1.1257875457875457
3.1912087912087914
0.0
2.809230769230769
1.2466666666666666
0.9775091575091575
3.1017582417582417
0.022564102564102562
2.9824908424908423
1.2515018315018314
0.9726739926739927
3.124322344322344
0.06205128205128205
2.8277655677655673
1.207985347985348
1.1596336996336996
2.999413919413919
0.0
3.0082783882783883
1.24021978021978
0.9895970695970695
3.3
0.0967032967032967
3.0026373626373624
1.1967032967032967
1.1201465201465202
3.1517216117216114
0.0
2.864835164835165
1.344981684981685
1.207985347985348
2.771355311355311
0.0
3.0002197802197803
1.207985347985348
0.9605860805860805
2.9663736263736262
0.13216117216117215
2.952673992673992
1.0049084249084248
1.2128205128205127
3.1009523809523807
0.0
3.1098168498168497
1.2394139194139193
1.0161904761904763
2.9647619047619047
0.1668131868131868
2.933333333333333
1.0895238095238093
1.1419047619047618
3.103369963369963
0.0
2.8898168498168495
1.443296703296703
1.1080586080586081
2.908351648351648
0.0
3.005054945054945
1.2523076923076923
1.0258608058608059
3.011501831501831
0.1942124542124542
2.851941391941392
0.8147252747252747
1.2023443223443222
3.2637362637362637
0.0
2.9768498168498168
1.3046886446886445
1.0492307692307692
2.9099633699633696
0.03062271062271062
3.0936996336996336
1.079047619047619
1.0186080586080586
2.996996336996337
0.0
2.834212454212454
1.2829304029304027
1.1644688644688646
2.987326007326007
0.0
3.1356043956043953
1.1789743589743589
0.9396336996336996
2.9865201465201463
0.08139194139194138
2.9276923076923076
1.1362637362637362
1.1628571428571428
3.1331868131868132
0.0
2.7858608058608056
1.3353113553113551
1.1515750915750915
3.069523809523809
0.025787545787545788
3.0517948717948715
1.1072527472527471
1.1048351648351649
2.9518681318681317
0.0709157509157509
3.067106227106227
1.2547252747252746
1.2563369963369964
2.9550915750915747
0.0
3.1227106227106227
1.0935531135531134
0.9984615384615384
3.1025641025641026
0.11926739926739927
2.9768498168498168
0.8888644688644688
1.1942857142857142
3.1009523809523807
0.0
2.8172893772893772
1.1644688644688646
1.1362637362637362
2.954285714285714
0.0701098901098901
3.1186813186813187
1.0863003663003663
1.0226373626373626
3.0147252747252744
0.0419047619047619
2.9317216117216116
1.4304029304029304
1.2047619047619047
3.038901098901099
0.0
2.9776556776556777
1.3199999999999998
1.054065934065934
2.830989010989011
0.15794871794871793
2.9776556776556777
1.05003663003663
1.1878388278388279
2.9647619047619047
0.0
2.868864468864469
1.282124542124542
1.2917948717948717
2.996996336996337
0.058827838827838826
3.0646886446886445
1.1088644688644689
1.07018315018315
3.1178754578754577
0.1813186813186813
2.929304029304029
1.083076923076923
1.2176556776556777
3.1227106227106227
0.00402930402930403
2.6746520146520143
1.2063736263736262
1.1362637362637362
2.9728205128205127
0.07333333333333333
3.2258608058608056
1.037142857142857
1.0524542124542124
3.0808058608058606
0.10959706959706958
2.908351648351648
1.1757509157509156
1.2829304029304027
3.00989010989011
0.0
3.0759706959706956
1.2523076923076923
1.0572893772893772
3.0026373626373624
0.0967032967032967
3.187179487179487
0.9638095238095238
1.2337728937728938
3.1267399267399267
0.0
2.7778021978021976
1.2273260073260073
1.232967032967033
2.784249084249084
0.049157509157509154
3.1436630036630033
1.0645421245421245
1.1145054945054944
2.954285714285714
0.0
2.942197802197802
1.1531868131868133
1.2837362637362637
2.987326007326007
0.0
3.124322344322344
1.2587545787545786
1.1024175824175824
2.988937728937729
0.10798534798534798
3.0606593406593405
1.079047619047619
1.1580219780219778
3.0808058608058606
0.0
2.9744322344322343
1.1080586080586081
1.1934798534798534
2.8060073260073257
0.1547252747252747
3.232307692307692
0.9299633699633699
1.124981684981685
3.045347985347985
0.0
2.9478388278388277
1.1273992673992674
1.3087179487179488
2.578754578754579
0.0
3.1017582417582417
1.4013919413919413
1.1531868131868133
2.893040293040293
0.10315018315018315
3.1154578754578752
1.4497435897435897
1.2845421245421245
2.90029304029304
