2.5424908424908423
2.1637362637362636
0.047545787545787546
3.1227106227106227
1.751941391941392
0.16117216117216118
3.2258608058608056
1.3385347985347984
0.45450549450549443
3.2854945054945053
0.8808058608058608
1.120952380952381
3.124322344322344
0.23047619047619047
1.5996336996336997
2.884175824175824
0.16600732600732598
2.187912087912088
2.7463736263736265
0.0
2.6633699633699632
2.2781684981684984
0.021758241758241755
2.864835164835165
1.9195604395604395
0.4391941391941392
3.142051282051282
1.232967032967033
0.676923076923077
3.2452014652014647
0.7534798534798535
1.1789743589743589
3.3
0.3150915750915751
1.4578021978021978
3.1694505494505494
0.12893772893772895
2.07992673992674
2.6698168498168497
0.11684981684981685
2.527179487179487
2.19032967032967
0.1345787545787546
2.9059340659340656
1.63025641025641
0.3376556776556776
3.3
1.2337728937728938
0.5447619047619047
3.3
0.6922344322344322
1.1024175824175824
3.163809523809524
0.5415384615384615
1.614139194139194
2.606959706959707
0.2328937728937729
2.1975824175824177
2.606959706959707
0.0
2.6778754578754578
2.2975091575091575
0.0
2.9147985347985346
1.9429304029304026
0.22564102564102564
2.9309157509157506
1.298241758241758
0.701098901098901
3.241978021978022
0.7268864468864469
1.1902564102564102
3.1936263736263735
0.3304029304029304
1.6915018315018315
3.1356043956043953
0.0
2.0678388278388278
2.734285714285714
0.0
2.4997802197802192
2.3095970695970696
0.14827838827838827
2.9808791208791208
1.5698168498168497
0.34410256410256407
3.206520146520146
1.1185347985347984
0.6664468864468864
3.3
0.7591208791208791
1.0814652014652013
3.3
0.41018315018315016
1.4972893772893772
2.8906227106227105
0.2079120879120879
2.104102564102564
2.574725274725275
0.09106227106227106
2.6843223443223443
2.1798534798534797
0.0
3.042124542124542
1.6415384615384614
0.20227106227106226
3.2822710622710622
1.295018315018315
0.3424908424908425
3.3
0.8074725274725274
1.1507692307692308
3.1404395604395603
0.3497435897435897
1.7156776556776556
3.00989010989011
0.18695970695970693
2.2048351648351647
2.643223443223443
0.0
2.5295970695970693
2.323296703296703
0.05479853479853479
2.929304029304029
1.735018315018315
0.32234432234432236
3.187179487179487
1.112893772893773
0.8115018315018315
3.2887179487179488
0.5471794871794872
1.2112087912087912
3.3
0.33604395604395604
1.5327472527472525
3.05018315018315
0.1547252747252747
2.0638095238095238
2.5803663003663
0.16923076923076924
2.483663003663003
2.1435897435897435
0.14505494505494507
3.2734065934065932
1.726959706959707
0.2562637362637362
3.3
1.1604395604395605
0.5673260073260072
3.3
0.9323809523809523
1.0943589743589743
3.142051282051282
0.3876190476190476
1.739047619047619
2.856776556776557
0.20388278388278389
2.2684981684981684
2.71010989010989
0.0
2.6238827838827836
2.345054945054945
0.02901098901098901
3.003443223443223
1.8075457875457874
0.8042490842490841
3.1484981684981683
1.1668864468864468
0.7357509157509157
3.2476190476190476
0.6922344322344322
1.1596336996336996
3.2411721611721607
0.21516483516483514
1.6915018315018315
3.103369963369963
0.0
2.1097435897435894
2.664175824175824
0.08703296703296702
2.477216117216117
2.1226373626373625
0.1394139194139194
3.011501831501831
1.577069597069597
0.4198534798534798
3.3
1.0903296703296703
0.8791941391941391
3.3
0.5995604395604395
1.1523809523809523
3.2476190476190476
0.2619047619047619
1.6093040293040293
2.822124542124542
0.1684249084249084
2.253992673992674
2.577142857142857
0.023369963369963366
2.731062271062271
2.096849816849817
0.006446886446886447
2.8374358974358973
1.784981684981685
0.2530402930402931
3.1726739926739924
1.2184615384615383
0.7196336996336995
3.2210256410256406
0.7276923076923076
1.39010989010989
3.1613919413919414
0.12490842490842491
1.6673260073260072
3.0799999999999996
0.0
2.194358974358974
2.6649816849816848
0.002417582417582417
2.608571428571428
2.2346520146520144
0.12893772893772895
2.839047619047619
1.6326739926739926
0.44080586080586076
3.174285714285714
1.0274725274725274
0.9259340659340659
3.3
0.5592673992673992
1.1475457875457875
3.2903296703296703
0.30542124542124544
1.3522344322344322
3.067106227106227
0.17003663003663003
2.1548717948717946
2.478021978021978
0.0709157509157509
2.5997069597069595
1.9372893772893773
0.1241025641025641
3.1484981684981683
1.5464468864468863
0.16197802197802197
3.3
1.195091575091575
0.5608791208791208
3.2032967032967035
0.7051282051282052
1.1410989010989012
3.113040293040293
0.273992673992674
1.8558974358974358
2.858388278388278
0.0
2.3063736263736265
2.608571428571428
0.0
2.731062271062271
2.096849816849817
0.06608058608058608
2.9744322344322343
1.5536996336996336
0.38520146520146514
3.3
1.0734065934065933
0.9049816849816849
3.232307692307692
0.5939194139194139
1.3868864468864468
3.3
0.22564102564102564
1.7664468864468863
3.1178754578754577
0.11765567765567765
2.1685714285714286
2.6843223443223443
0.047545787545787546
2.655311355311355
2.146007326007326
0.20227106227106226
3.0646886446886445
1.49003663003663
0.35619047619047617
3.3
1.0186080586080586
0.5721611721611721
3.3
0.713992673992674
1.087106227106227
3.1936263736263735
0.4271062271062271
1.7172893772893771
2.734285714285714
0.20227106227106226
2.312820512820513
2.441758241758242
0.0
2.8003663003663
2.082344322344322
0.06688644688644688
3.1436630036630033
1.7035897435897436
0.3658608058608058
3.3
1.1588278388278388
0.8356776556776556
3.2347252747252746
0.6672527472527472
1.349010989010989
3.103369963369963
0.19904761904761903
1.8816849816849817
3.0002197802197803
0.18373626373626373
2.3224908424908426
2.577142857142857
0.1241025641025641
2.584395604395604
2.121025641025641
0.16923076923076924
3.0002197802197803
1.581098901098901
0.4964102564102564
3.1952380952380954
0.9404395604395605
0.7204395604395604
3.2806593406593403
0.5133333333333333
1.112893772893773
3.2613186813186807
0.4295238095238095
1.7132600732600731
2.7778021978021976
0.07897435897435896
2.238681318681319
2.4232234432234434
0.02095238095238095
2.745567765567765
1.8349450549450548
0.13216117216117215
3.3
1.5794871794871794
0.32234432234432236
3.2290842490842486
1.1048351648351649
1.0234432234432234
3.2226373626373626
0.8695238095238095
1.278095238095238
3.1162637362637358
0.20871794871794871
1.8671794871794871
2.8777289377289375
0.0
2.378095238095238
2.618241758241758
0.0
2.7850549450549447
2.136336996336996
0.08139194139194138
3.0485714285714285
1.5561172161172159
0.49399267399267394
3.2186080586080585
1.0556776556776557
0.8098901098901099
3.21054945054945
0.45450549450549443
1.3417582417582417
3.2669597069597067
0.08622710622710622
1.7197069597069596
2.948644688644688
0.09509157509157509
2.2644688644688644
2.5698901098901095
0.14424908424908423
2.626300366300366
2.0186813186813186
0.17326007326007326
3.107399267399267
1.427179487179487
0.4271062271062271
3.3
1.0234432234432234
0.6777289377289376
3.2935531135531133
0.5769963369963369
1.1789743589743589
3.0727472527472526
0.0
1.8413919413919413
2.6690109890109888
0.0
2.4224175824175824
2.4369230769230765
0.0
2.90029304029304
2.1556776556776556
0.09347985347985346
3.0824175824175826
1.5561172161172159
0.29010989010989013
3.3
1.074212454212454
0.8252014652014652
3.178315018315018
0.6229304029304028
1.3997802197802196
3.1525274725274723
0.19501831501831499
1.9356776556776556
2.9704029304029302
0.0
2.349084249084249
2.473186813186813
0.025787545787545788
2.6536996336996337
1.9856410256410255
0.2530402930402931
3.17025641025641
1.5673992673992674
0.5665201465201466
3.296776556776557
0.992014652014652
0.9493040293040292
3.3
0.5358974358974359
1.1362637362637362
3.1928205128205125
0.0
1.764029304029304
2.9607326007326003
0.18212454212454213
2.3281318681318677
2.3063736263736265
0.12007326007326007
2.984102564102564
1.8953846153846152
0.11765567765567765
3.3
1.3965567765567766
0.3545787545787546
3.3
1.0395604395604396
0.7309157509157509
3.2468131868131866
0.5068864468864468
1.4489377289377288
3.054212454212454
0.22805860805860806
1.9558241758241757
2.851135531135531
0.0
2.44981684981685
2.651282051282051
0.0967032967032967
2.743956043956044
2.0025641025641026
0.1515018315018315
2.929304029304029
1.3385347985347984
0.5608791208791208
3.186373626373626
0.8872527472527472
0.8453479853479853
3.1396336996336993
0.3626373626373626
1.4046153846153846
3.20007326007326
0.1241025641025641
1.7857875457875456
2.929304029304029
0.2925274725274725
2.3257142857142856
2.4054945054945054
0.12168498168498168
2.8736996336996334
1.9082783882783882
0.23853479853479853
3.0316483516483514
1.3280586080586079
0.4045421245421245
3.3
1.0008791208791208
0.7333333333333333
3.3
0.6003663003663003
1.4175091575091574
3.0002197802197803
0.22805860805860806
2.0186813186813186
2.709304029304029
0.0
2.382930402930403
2.291062271062271
0.0
2.87047619047619
2.087985347985348
0.10798534798534798
2.8164835164835167
1.5488644688644688
0.4867399267399267
3.1347985347985348
1.033113553113553
1.0597069597069597
3.2645421245421242
0.41018315018315016
1.4223443223443224
3.174285714285714
0.11684981684981685
1.896996336996337
2.958315018315018
0.0
2.2684981684981684
2.497362637362637
0.0
2.759267399267399
2.0912087912087913
0.29816849816849816
3.069523809523809
1.2676190476190474
0.5109157509157509
3.3
0.7494505494505495
0.7824908424908424
3.3
0.5004395604395604
1.0717948717948718
3.183956043956044
0.23047619047619047
1.913919413919414
2.6827106227106223
0.20227106227106226
2.527985347985348
2.1709890109890106
0.025787545787545788
2.9663736263736262
1.888131868131868
0.0684981684981685
3.2226373626373626
1.2579487179487179
0.4657875457875458
3.3
0.971062271062271
0.9388278388278388
3.206520146520146
0.498021978021978
1.494871794871795
3.045347985347985
0.051575091575091575
2.0573626373626372
2.851135531135531
0.0
2.4473992673992675
2.4167765567765565
0.004835164835164834
2.7568498168498166
2.004175824175824
0.38358974358974357
2.9276923076923076
1.4175091575091574
0.6213186813186813
3.2822710622710622
0.7526739926739926
1.0323076923076924
3.1968498168498165
0.43677655677655675
1.4078388278388276
3.232307692307692
0.13296703296703297
1.9106959706959705
2.85032967032967
0.12087912087912088
2.4046886446886444
2.4570695970695966
0.15311355311355312
2.993772893772894
1.8333333333333333
0.2353113553113553
3.3
1.4755311355311354
0.48271062271062265
3.3
1.1153113553113552
0.8848351648351648
3.128351648351648
0.5600732600732601
1.2917948717948717
2.9478388278388277
0.17164835164835165
2.1194139194139194
2.722197802197802
0.17164835164835165
2.51025641025641
2.3619780219780218
0.0
2.8793406593406594
1.8671794871794871
0.1418315018315018
3.0517948717948715
1.4916483516483514
0.527032967032967
3.1767032967032964
0.8364835164835164
1.0065201465201465
3.258095238095238
0.3884249084249084
1.386080586080586
3.171062271062271
0.0
1.9896703296703295
2.876923076923077
0.020146520146520148
2.4256410256410255
2.437728937728938
0.09267399267399268
2.8197069597069593
1.7833699633699633
0.35619047619047617
3.1186813186813187
1.0919413919413918
0.6132600732600731
3.3
0.7405860805860806
1.1709157509157508
3.3
0.4625641025641025
1.4916483516483514
3.0904761904761906
0.3263736263736264
1.9808058608058607
2.703663003663004
0.0
2.561025641025641
2.245128205128205
0.021758241758241755
3.0066666666666664
1.901025641025641
0.35619047619047617
3.2210256410256406
1.423150183150183
0.5084981684981684
3.3
0.9307692307692308
0.9331868131868131
3.2089377289377286
0.473040293040293
1.5786813186813187
3.0235897435897434
0.08864468864468865
2.265274725274725
2.793113553113553
0.0
2.5215384615384613
2.406300366300366
0.08703296703296702
2.7665201465201466
1.925201465201465
0.2949450549450549
3.1025641025641026
1.2466666666666666
0.676923076923077
3.3
0.7228571428571429
0.9009523809523808
3.2637362637362637
0.4158241758241758
1.3876923076923076
3.0598534798534796
0.0
1.8953846153846152
2.7423443223443225
0.08864468864468865
2.4175824175824174
2.241098901098901
0.14666666666666667
2.9768498168498168
1.726959706959707
0.24578754578754577
3.224249084249084
1.1265934065934065
0.5383150183150184
3.3
0.8816117216117215
0.9444688644688645
3.3
0.48835164835164835
1.4843956043956044
2.9591208791208787
0.19743589743589743
2.0912087912087913
2.6585347985347982
0.0
2.7084981684981684
2.344249084249084
0.0838095238095238
2.9147985347985346
1.9348717948717946
0.24175824175824176
3.099340659340659
1.2789010989010987
0.639047619047619
3.0517948717948715
0.8614652014652014
1.0274725274725274
3.3
0.3336263736263736
1.6125274725274723
3.1895970695970695
0.051575091575091575
1.913113553113553
2.789084249084249
0.011282051282051281
2.5199267399267398
2.3635897435897437
0.0
2.882564102564102
1.6761904761904762
0.37391941391941386
3.0316483516483514
1.1241758241758242
0.5536263736263736
3.3
0.7832967032967033
0.9517216117216116
3.3
0.44483516483516483
1.4634432234432233
3.0517948717948715
0.11926739926739927
2.045274725274725
2.6117948717948716
0.010476190476190476
2.7447619047619045
2.2153113553113553
0.0
3.0195604395604394
1.764029304029304
0.15794871794871793
3.206520146520146
1.3272527472527471
0.5423443223443224
3.2935531135531133
0.9428571428571428
1.2184615384615383
3.287106227106227
0.3843956043956044
1.6657142857142855
3.0195604395604394
0.012893772893772894
2.2128937728937728
2.7810256410256406
0.0
2.5142857142857142
2.2781684981684984
0.0
2.8777289377289375
1.747912087912088
0.32798534798534795
3.2790476190476188
1.195897435897436
0.6753113553113552
3.3
0.6624175824175824
1.1362637362637362
3.3
0.31670329670329667
1.2176556776556777
3.1098168498168497
0.22
2.0871794871794873
2.693186813186813
0.10637362637362636
2.5835897435897435
2.1355311355311355
0.0709157509157509
3.042124542124542
1.722930402930403
0.26673992673992675
3.3
1.2418315018315016
0.5729670329670329
3.3
0.8115018315018315
1.1185347985347984
3.1726739926739924
0.44483516483516483
1.7422710622710622
2.9059340659340656
0.051575091575091575
2.344249084249084
2.6601465201465198
0.0
2.6706227106227103
2.3539194139194137
0.06769230769230769
2.9067399267399265
1.9034432234432233
0.4464468864468864
3.1057875457875457
1.249084249084249
0.7349450549450549
3.248424908424908
0.6688644688644688
1.1354578754578755
3.3
0.2747985347985348
1.4368498168498167
3.0864468864468866
0.1772893772893773
2.0557509157509157
2.707692307692308
0.0
2.415970695970696
2.1306959706959705
0.17809523809523808
2.988937728937729
1.6761904761904762
0.27802197802197803
3.3
1.1410989010989012
0.5842490842490843
3.3
0.6454945054945054
1.0726007326007327
3.224249084249084
0.44
1.7156776556776556
2.971208791208791
0.23611721611721612
2.1734065934065936
2.5876190476190475
0.0
2.727032967032967
1.9485714285714284
0.0
2.995384615384615
1.8067399267399267
0.07413919413919413
3.1807326007326004
1.1902564102564102
0.7035164835164834
3.2097435897435895
0.7583150183150182
1.2506959706959706
3.1895970695970695
0.25465201465201465
1.8252747252747252
3.0646886446886445
0.04593406593406593
2.0976556776556774
2.689157509157509
0.0
2.51025641025641
2.133113553113553
0.15875457875457874
2.9099633699633696
1.569010989010989
0.3747252747252747
3.3
1.174139194139194
0.7131868131868132
3.3
0.6495238095238095
1.0274725274725274
3.3
0.365054945054945
1.622197802197802
3.087252747252747
0.2079120879120879
1.9477655677655676
2.5594139194139194
0.09025641025641025
2.6456410256410257
1.9614652014652014
0.18857142857142856
3.0799999999999996
1.8397802197802198
0.22644688644688643
3.2597069597069597
1.2128205128205127
0.6269597069597068
3.3
0.7824908424908424
1.1435164835164835
3.061465201465201
0.3312087912087912
1.7906227106227104
2.98007326007326
0.01531135531135531
2.086373626373626
2.695604395604396
0.0
2.622271062271062
2.0904029304029303
0.0
2.92043956043956
1.7463003663003662
0.4617582417582417
3.1227106227106227
1.120952380952381
0.7800732600732599
3.3
0.6454945054945054
1.2257142857142858
3.2194139194139195
0.2079120879120879
1.5569230769230769
2.9228571428571426
0.1652014652014652
2.1226373626373625
2.61018315018315
0.0
2.565054945054945
2.019487179487179
0.22564102564102564
3.1356043956043953
1.473113553113553
0.2747985347985348
3.3
1.2684249084249084
0.6374358974358973
3.2790476190476188
0.7760439560439559
1.1926739926739927
3.0936996336996336
0.39164835164835166
1.7664468864468863
2.8326007326007328
0.0
2.3257142857142856
2.574725274725275
0.0
2.6778754578754578
2.1927472527472527
0.03626373626373627
2.9413919413919416
1.626227106227106
0.44967032967032966
3.154945054945055
1.2128205128205127
0.8163369963369963
3.2492307692307687
0.6189010989010988
1.228937728937729
3.1912087912087914
0.2353113553113553
1.9485714285714284
3.0195604395604394
0.051575091575091575
2.12021978021978
2.6649816849816848
0.15553113553113554
2.6714285714285713
2.0734798534798533
0.1652014652014652
2.997802197802198
1.4497435897435897
0.4021245421245421
3.3
0.813113553113553
0.7534798534798535
3.3
0.6164835164835165
1.0863003663003663
3.192014652014652
0.37956043956043956
1.605274725274725
2.87047619047619
0.17487179487179486
2.2975091575091575
2.4884981684981686
0.08219780219780219
2.8317948717948713
2.116190476190476
0.017728937728937726
3.0896703296703296
1.7019780219780218
0.29655677655677654
3.1098168498168497
1.3756043956043955
0.7550915750915751
3.15010989010989
0.6865934065934066
1.174139194139194
3.187179487179487
0.23853479853479853
1.6334798534798534
2.9035164835164835
0.045128205128205125
2.2838095238095235
2.681098901098901
0.0
2.7205860805860804
2.12989010989011
0.6358241758241758
2.9736263736263737
1.6802197802197802
0.5262271062271062
3.2371428571428567
1.1378754578754577
0.8276190476190476
3.3
0.5761904761904761
1.2007326007326007
3.2516483516483516
0.2909157509157509
1.2998534798534798
2.995384615384615
0.1394139194139194
2.265274725274725
2.4965567765567767
0.012893772893772894
2.764102564102564
2.029157509157509
0.021758241758241755
3.146886446886447
1.4787545787545788
0.298974358974359
3.3
1.1346520146520145
0.7035164835164834
3.3
0.7075457875457875
1.3175824175824176
3.103369963369963
0.3328205128205128
1.7970695970695971
2.843882783882784
0.0427106227106227
2.4248351648351645
2.556996336996337
0.022564102564102562
2.723003663003663
2.1556776556776556
0.15230769230769228
2.983296703296703
1.6238095238095238
0.47868131868131863
3.202490842490842
0.9855677655677655
0.8663003663003663
3.3
0.5616849816849817
1.3385347985347984
3.3
0.21355311355311354
1.6632967032967032
2.9567032967032962
0.045128205128205125
2.0283516483516486
2.573113553113553
0.0701098901098901
2.8068131868131867
1.9469597069597069
0.13377289377289375
3.166227106227106
1.4779487179487178
0.3416849816849816
3.3
0.9750915750915751
0.7002930402930403
3.3
0.6043956043956044
1.2176556776556777
3.0042490842490843
0.3134798534798534
1.896996336996337
2.8632234432234434
0.07413919413919413
2.339413919413919
2.5295970695970693
0.0
2.8358241758241753
2.083956043956044
0.17809523809523808
3.0308424908424905
1.527106227106227
0.4432234432234432
3.2226373626373626
1.207985347985348
0.9275457875457874
3.3
0.47868131868131863
1.3054945054945055
3.2387545787545786
0.16923076923076924
1.7382417582417582
2.916410256410256
0.03706959706959707
2.303150183150183
2.5207326007326007
0.0
2.6722344322344322
1.9695238095238095
0.16600732600732598
3.0864468864468866
1.398168498168498
0.40857142857142853
3.2774358974358972
1.0008791208791208
0.7510622710622711
3.3
0.4569230769230769
1.1306227106227105
3.0324542124542124
0.33926739926739924
1.8518681318681318
2.9615384615384617
0.10073260073260074
2.60051282051282
2.452234432234432
0.2063003663003663
2.9309157509157506
2.000952380952381
0.0
3.0864468864468866
1.593186813186813
0.3876190476190476
3.121098901098901
1.0516483516483517
0.9605860805860805
3.1936263736263735
0.5415384615384615
1.3756043956043955
3.154945054945055
0.1676190476190476
1.7962637362637361
3.0517948717948715
0.0
2.274945054945055
2.502197802197802
0.0684981684981685
2.6295238095238096
2.004175824175824
0.4819047619047619
3.0840293040293036
1.6109157509157508
0.43355311355311354
3.3
0.9235164835164834
0.8179487179487179
3.3
0.4561172161172161
1.2232967032967033
3.183956043956044
0.3094505494505494
1.8188278388278387
2.7826373626373626
0.0693040293040293
2.4449816849816846
2.4288644688644685
0.05802197802197802
2.8954578754578755
1.9727472527472527
0.0838095238095238
3.138827838827839
1.5536996336996336
0.4126007326007326
3.154945054945055
1.087106227106227
0.8816117216117215
3.1646153846153844
0.5068864468864468
1.427179487179487
3.1613919413919414
0.14263736263736265
1.8486446886446886
2.948644688644688
0.049157509157509154
2.2241758241758243
2.5392673992673993
0.031428571428571424
2.755238095238095
1.9284249084249083
0.23611721611721612
3.1356043956043953
1.3836630036630035
0.3626373626373626
3.3
1.0637362637362637
0.805054945054945
3.2983882783882783
0.4931868131868132
1.3256410256410256
3.0936996336996336
0.24498168498168496
1.8252747252747252
2.677069597069597
0.12893772893772895
2.3909890109890113
2.394212454212454
0.22
2.916410256410256
1.9904761904761905
0.028205128205128206
3.1613919413919414
1.427179487179487
0.4819047619047619
3.187179487179487
1.0113553113553113
0.9347985347985348
3.171062271062271
0.535091575091575
1.49003663003663
2.897069597069597
0.1394139194139194
1.9977289377289378
2.767326007326007
0.0
2.3055677655677655
2.46996336996337
0.23611721611721612
2.764102564102564
1.929230769230769
0.38117216117216113
3.0558241758241755
1.3562637362637362
0.5342857142857143
3.3
0.8816117216117215
0.8453479853479853
3.3
0.606007326007326
1.318388278388278
3.1646153846153844
0.28849816849816845
1.7898168498168496
2.569084249084249
0.12732600732600732
2.39985347985348
2.3716483516483517
0.07494505494505493
2.9631501831501827
1.9397069597069596
0.32476190476190475
3.2032967032967035
1.4908424908424909
0.4005128205128205
3.2290842490842486
0.9412454212454212
0.8687179487179486
3.2427838827838826
0.5874725274725274
1.4263736263736264
3.026007326007326
0.14827838827838827
1.9735531135531135
2.9671794871794868
0.0
2.432087912087912
2.4949450549450547
0.0
2.6738461538461538
1.9453479853479854
0.28285714285714286
3.099340659340659
1.1048351648351649
0.547985347985348
3.3
0.8783882783882784
0.9702564102564102
3.3
0.2522344322344322
1.319194139194139
3.175897435897436
0.27238095238095233
1.7882051282051281
2.8019780219780217
0.055604395604395604
2.391794871794872
2.345054945054945
0.0
3.0195604395604394
1.8309157509157508
0.29816849816849816
3.179120879120879
1.3933333333333333
0.33926739926739924
3.274212454212454
0.954945054945055
0.9476923076923076
3.103369963369963
0.6632234432234432
1.5416117216117216
3.3
0.07978021978021978
1.9848351648351648
2.638388278388278
0.0
2.6536996336996337
2.3716483516483517
0.0
2.98007326007326
1.9654945054945054
0.4698168498168498
3.0066666666666664
1.3417582417582417
0.6632234432234432
3.2677655677655677
0.8252014652014652
0.9678388278388278
3.3
0.3207326007326007
1.4457142857142857
3.224249084249084
0.19663003663003661
1.8470329670329668
2.787472527472527
0.17890109890109887
2.39018315018315
2.3015384615384615
0.10717948717948718
2.9317216117216116
1.7712820512820513
0.1708424908424908
3.2387545787545786
1.473113553113553
0.4238827838827839
3.3
0.8985347985347986
0.884029304029304
3.1372161172161173
0.4504761904761904
1.5907692307692307
2.912380952380952
0.2232234432234432
1.9654945054945054
2.6690109890109888
0.0
2.4925274725274726
2.452234432234432
0.0
2.8317948717948713
1.9985347985347985
0.29736263736263735
3.0316483516483514
1.2587545787545786
0.6342124542124542
3.232307692307692
0.7413919413919414
1.0758241758241758
3.3
0.4045421245421245
1.436043956043956
3.3
0.14344322344322344
1.9856410256410255
2.741538461538461
0.09267399267399268
2.2701098901098904
2.2644688644688644
0.0
3.038901098901099
1.7817582417582416
0.32395604395604394
3.212161172161172
1.2297435897435898
0.5616849816849817
3.3
0.9339926739926739
0.9404395604395605
3.113040293040293
0.47868131868131863
1.5021245421245422
3.0316483516483514
0.08300366300366299
2.3015384615384615
2.9413919413919416
0.0
2.4232234432234434
2.4288644688644685
0.040293040293040296
2.937362637362637
1.9316483516483516
0.10798534798534798
3.1807326007326004
1.232967032967033
0.5939194139194139
3.3
0.7518681318681317
1.0355311355311356
3.2129670329670326
0.5842490842490843
1.4142857142857144
3.0445421245421245
0.17809523809523808
1.876043956043956
2.783443223443223
0.12249084249084248
2.468351648351648
2.2104761904761903
0.018534798534798533
3.128351648351648
1.73018315018315
0.18695970695970693
3.206520146520146
1.5480586080586078
0.7043223443223443
3.3
0.8848351648351648
0.9936263736263735
3.183956043956044
0.3304029304029304
1.5964102564102562
3.061465201465201
0.08783882783882783
2.121831501831502
2.8454945054945053
0.0
2.4393406593406595
2.4151648351648354
0.0
2.776190476190476
1.8486446886446886
0.35619047619047617
3.1807326007326004
1.2144322344322342
0.5778021978021978
3.3
0.7131868131868132
0.9936263736263735
3.3
0.3779487179487179
1.4263736263736264
3.1194871794871792
0.1934065934065934
1.9389010989010986
2.6835164835164833
0.12087912087912088
2.624688644688644
2.1895238095238096
0.11604395604395604
3.0598534798534796
1.6931135531135528
0.1378021978021978
3.2709890109890107
1.2893772893772895
0.5141391941391942
3.3
0.6664468864468864
0.9219047619047619
3.1178754578754577
0.518974358974359
1.6294505494505493
3.029230769230769
0.16278388278388276
2.198388278388278
2.610989010989011
0.0
2.701245421245421
2.281391941391941
0.0967032967032967
2.797142857142857
1.8510622710622708
0.21435897435897436
3.1098168498168497
1.2603663003663004
1.0677655677655677
3.2452014652014647
0.6398534798534798
1.2184615384615383
3.3
0.30864468864468864
1.5335531135531135
2.9309157509157506
0.06608058608058608
2.012234432234432
2.4989743589743587
0.08703296703296702
2.5545787545787544
2.2999267399267396
0.22564102564102564
2.9236630036630036
1.6737728937728937
0.31267399267399265
3.2178021978021976
1.1813919413919414
0.40857142857142853
3.3
0.8284249084249083
0.9202930402930403
3.216190476190476
0.37956043956043956
1.5907692307692307
2.9671794871794868
0.1394139194139194
2.1057142857142854
2.610989010989011
0.0
2.7084981684981684
2.2523809523809524
0.0
2.9534798534798536
1.8131868131868132
0.010476190476190476
3.057435897435897
1.266007326007326
0.7752380952380952
3.232307692307692
0.697069597069597
1.1241758241758242
3.27018315018315
0.30058608058608055
1.5561172161172159
3.1162637362637358
0.06608058608058608
1.7616117216117215
2.731062271062271
0.10798534798534798
2.527179487179487
2.1411721611721615
0.22967032967032966
2.9389743589743587
1.6383150183150181
0.4238827838827839
3.287106227106227
1.1354578754578755
0.5721611721611721
3.3
0.8300366300366301
0.9992673992673993
3.3
0.4706227106227106
1.5085714285714285
2.9905494505494503
0.10073260073260074
2.22981684981685
2.5070329670329667
0.0
2.71978021978022
2.2265934065934063
0.0
2.9099633699633696
1.7914285714285714
0.14989010989010987
3.3
1.2152380952380952
0.7881318681318681
3.2226373626373626
0.6342124542124542
1.1789743589743589
3.248424908424908
0.28608058608058606
1.6826373626373625
3.054212454212454
0.07494505494505493
2.104102564102564
2.576336996336996
0.058827838827838826
2.531208791208791
2.162124542124542
0.13619047619047617
2.826153846153846
1.6415384615384614
0.3626373626373626
3.254065934065934
1.1048351648351649
0.6463003663003662
3.3
0.8558241758241758
1.1370695970695972
3.2226373626373626
0.5246153846153846
1.5673992673992674
2.884175824175824
0.2328937728937729
2.1016849816849814
2.3708424908424908
0.0
2.6714285714285713
2.1548717948717946
0.006446886446886447
2.995384615384615
1.7688644688644688
0.21919413919413916
3.2403663003663
1.245054945054945
0.7889377289377288
3.2032967032967035
0.5600732600732601
1.2482783882783883
3.1654212454212454
0.11765567765567765
1.73018315018315
3.1887912087912085
0.14586080586080585
2.0976556776556774
2.6907692307692304
0.0967032967032967
2.565054945054945
1.9969230769230768
0.16278388278388276
2.9671794871794868
1.581904761904762
0.2570695970695971
3.3
1.1072527472527471
0.5657142857142857
3.3
0.9323809523809523
1.199120879120879
3.163003663003663
0.37391941391941386
1.601245421245421
2.8454945054945053
0.1684249084249084
2.295091575091575
2.572307692307692
0.0016117216117216117
2.8180952380952378
2.258021978021978
0.0
2.987326007326007
1.7543589743589743
0.28446886446886444
3.187179487179487
1.2466666666666666
0.8179487179487179
3.2258608058608056
0.8300366300366301
1.2724542124542124
3.2677655677655677
0.30461538461538457
1.7366300366300367
3.055018315018315
0.025787545787545788
2.2225641025641023
2.604542124542124
0.07172161172161172
2.556996336996337
2.1830769230769227
0.2111355311355311
2.925274725274725
1.5657875457875456
0.4424175824175824
3.3
1.07018315018315
0.6882051282051281
3.3
0.5866666666666667
1.0967765567765568
3.248424908424908
0.3876190476190476
1.626227106227106
2.8696703296703294
0.025787545787545788
2.3144322344322346
2.5803663003663
0.00805860805860806
2.868058608058608
2.146007326007326
0.1232967032967033
3.1001465201465197
1.7035897435897436
0.07655677655677656
3.1001465201465197
1.1983150183150182
0.8397069597069596
3.1936263736263735
0.7244688644688644
1.2627838827838826
3.1404395604395603
0.24498168498168496
1.7825641025641024
3.2572893772893767
0.0
2.262051282051282
2.4425641025641025
0.0032234432234432234
2.582783882783883
2.233040293040293
0.22
3.00989010989011
1.5182417582417582
0.6301831501831502
3.3
