2.946227106227106
1.7817582417582416
0.2594871794871795
0.16600732600732598
1.029084249084249
2.4707692307692306
3.3
2.59003663003663
1.232967032967033
0.07816849816849816
0.18937728937728937
1.6745787545787545
2.8954578754578755
3.2806593406593403
2.3224908424908426
0.6519413919413919
0.04593406593406593
0.5931135531135531
2.0428571428571427
3.3
3.005054945054945
1.7608058608058608
0.4351648351648352
0.0
1.1644688644688646
2.476410256410256
3.2629304029304027
2.6673992673992672
1.2104029304029302
0.2482051282051282
0.2619047619047619
1.4698901098901098
3.154945054945055
3.2895238095238093
2.262857142857143
0.7454212454212454
0.0
0.6414652014652014
2.12021978021978
3.212161172161172
3.1098168498168497
1.6737728937728937
0.38358974358974357
0.07736263736263735
0.9936263736263735
2.6778754578754578
3.2895238095238093
2.7729670329670326
1.2958241758241758
0.06043956043956044
0.2594871794871795
1.705201465201465
2.847106227106227
3.2903296703296703
2.266886446886447
0.7252747252747253
0.09589743589743589
0.5302564102564102
2.154065934065934
3.183956043956044
3.0969230769230767
1.8204395604395605
0.3013919413919414
0.044322344322344324
1.1628571428571428
2.5223443223443223
3.3
2.593260073260073
1.078241758241758
0.34007326007326005
0.29413919413919415
1.5609523809523809
2.9768498168498168
3.2258608058608056
2.2958974358974356
0.4706227106227106
0.0
0.7430036630036629
2.477216117216117
3.258095238095238
2.844688644688645
1.6761904761904762
0.585054945054945
0.0
1.1104761904761904
2.5876190476190475
3.2508424908424907
2.695604395604396
1.1273992673992674
0.0
0.4585347985347985
1.5327472527472525
2.98007326007326
3.3
2.1194139194139194
0.8002197802197801
0.0
0.5802197802197803
2.4087179487179484
3.1001465201465197
2.9534798534798536
1.7608058608058608
0.2530402930402931
0.13538461538461538
1.1016117216117214
2.4957509157509152
3.3
2.6536996336996337
1.22007326007326
0.12087912087912088
0.19260073260073257
1.6076923076923078
2.864835164835165
3.2790476190476188
2.0605860805860807
0.7679853479853479
0.09589743589743589
0.7349450549450549
2.0106227106227106
3.248424908424908
3.0163369963369964
1.6737728937728937
0.3771428571428571
0.11926739926739927
0.9904029304029304
2.4715750915750916
3.2806593406593403
2.6907692307692304
0.954945054945055
0.13619047619047617
0.36827838827838827
1.5263003663003663
2.948644688644688
3.202490842490842
2.2104761904761903
0.9356043956043956
0.0
0.7438095238095237
2.1677655677655676
3.0566300366300365
3.1597802197802194
1.6818315018315018
0.4472527472527473
0.19985347985347984
0.9662271062271062
2.647252747252747
3.3
2.622271062271062
1.315164835164835
0.17326007326007326
0.3964835164835165
1.6906959706959706
2.767326007326007
3.1887912087912085
2.1935531135531137
0.6479120879120879
0.09589743589743589
0.3876190476190476
2.137948717948718
3.212161172161172
2.993772893772894
1.7753113553113553
0.36989010989010984
0.31186813186813184
1.2386080586080586
2.589230769230769
3.3
2.737509157509157
1.1016117216117214
0.07736263736263735
0.12893772893772895
1.5448351648351648
3.042124542124542
3.2411721611721607
2.187912087912088
0.6954578754578754
0.0
0.726080586080586
2.10007326007326
3.19040293040293
3.2306959706959706
1.6197802197802198
0.04835164835164835
0.0
1.0145787545787546
2.718168498168498
3.26051282051282
2.608571428571428
1.2813186813186814
0.0
0.36424908424908425
1.6528205128205127
2.897069597069597
3.3
2.253992673992674
0.7752380952380952
0.09992673992673992
0.6398534798534798
2.2394871794871793
3.2290842490842486
2.8156776556776553
1.743076923076923
0.49157509157509155
0.11846153846153845
1.1459340659340658
2.465128205128205
3.3
2.6416117216117216
1.2273260073260073
0.12652014652014654
0.1934065934065934
1.6383150183150181
2.9067399267399265
3.150915750915751
2.3136263736263736
0.813113553113553
0.0016117216117216117
0.7687912087912088
2.166153846153846
3.3
2.984908424908425
1.5520879120879119
0.4166300366300366
0.0
1.104029304029304
2.6037362637362635
3.2597069597069597
2.5344322344322343
1.220879120879121
0.07252747252747253
0.2594871794871795
1.6076923076923078
3.017142857142857
3.3
2.1452014652014655
0.7212454212454212
0.02095238095238095
0.8171428571428571
2.2120879120879122
3.138827838827839
3.026007326007326
1.7817582417582416
0.14989010989010987
0.0838095238095238
1.0919413919413918
2.59003663003663
3.3
2.706080586080586
1.22007326007326
0.1635897435897436
0.30461538461538457
1.6915018315018315
3.0759706959706956
3.1356043956043953
2.241904761904762
0.25868131868131866
0.006446886446886447
0.7373626373626374
2.1016849816849814
3.3
2.942197802197802
1.5738461538461537
0.23611721611721612
0.0
1.1660805860805858
2.6625641025641023
3.2645421245421242
2.747179487179487
1.1523809523809523
0.021758241758241755
0.4279120879120879
1.6084981684981683
3.150915750915751
3.3
2.1097435897435894
0.8534065934065934
0.0
0.6785347985347985
2.2241758241758243
3.262124542124542
3.001831501831502
1.7487179487179487
0.3110622710622711
0.3529670329670329
1.0508424908424907
2.622271062271062
3.3
2.6295238095238096
1.2418315018315016
0.08945054945054944
0.06688644688644688
1.709230769230769
3.011501831501831
3.3
2.258827838827839
0.6213186813186813
0.0
0.7752380952380952
2.198388278388278
3.2838827838827838
3.0485714285714285
1.585128205128205
0.4577289377289377
0.0
1.1983150183150182
2.54007326007326
3.3
2.6778754578754578
1.0274725274725274
0.14424908424908423
0.7107692307692307
1.5464468864468863
3.1065934065934067
3.1347985347985348
2.0646153846153847
0.7953846153846154
0.0
0.6704761904761904
2.2314285714285713
3.1275457875457873
3.0243956043956044
1.601245421245421
0.25868131868131866
0.1539194139194139
1.0983882783882783
2.6778754578754578
3.3
2.4667399267399266
1.2692307692307692
0.0
0.6406593406593407
1.722124542124542
3.0002197802197803
3.206520146520146
2.1734065934065936
0.5197802197802198
0.1104029304029304
0.6680586080586081
2.0686446886446888
3.3
2.991355311355311
1.7132600732600731
0.028205128205128206
0.06446886446886448
1.2087912087912087
2.615018315018315
3.2806593406593403
2.6947985347985344
1.2112087912087912
0.10153846153846152
0.3263736263736264
1.6004395604395603
3.038095238095238
3.167838827838828
2.178241758241758
0.7623443223443223
0.0
0.7760439560439559
2.1806593406593406
3.128351648351648
2.984102564102564
1.6173626373626373
0.0
0.3078388278388278
1.174139194139194
2.725421245421245
3.254065934065934
2.5658608058608054
1.2643956043956044
0.04835164835164835
0.3586080586080586
1.735018315018315
2.94058608058608
3.2452014652014647
2.1717948717948716
0.7147985347985347
0.17648351648351646
0.49882783882783877
2.2523809523809524
3.2758241758241757
2.996996336996337
1.7043956043956043
0.24739926739926738
0.2619047619047619
1.2128205128205127
2.723003663003663
3.3
2.651282051282051
1.1709157509157508
0.21838827838827837
0.36747252747252745
1.784981684981685
3.154945054945055
3.232307692307692
2.16051282051282
0.6148717948717949
0.2909157509157509
0.7107692307692307
2.2354578754578753
3.175897435897436
2.893040293040293
1.5625641025641026
0.5778021978021978
0.0
1.0105494505494506
2.703663003663004
3.3
2.461904761904762
1.3175824175824176
0.0
0.46014652014652013
1.6915018315018315
2.9591208791208787
3.2427838827838826
2.1105494505494504
0.7019047619047618
0.07736263736263735
0.5713553113553113
2.2322344322344323
3.2709890109890107
2.9631501831501827
1.6528205128205127
0.0
0.0
1.2917948717948717
2.6158241758241756
3.3
2.51025641025641
1.0049084249084248
0.16197802197802197
0.3586080586080586
1.709230769230769
3.0195604395604394
3.3
2.186300366300366
0.6052014652014651
0.0
0.805054945054945
2.1685714285714286
3.2677655677655677
2.98007326007326
1.5303296703296703
0.30622710622710625
0.6648351648351648
1.1362637362637362
2.7939194139194137
3.3
2.3378021978021977
1.1934798534798534
0.0032234432234432234
0.3199267399267399
1.6681318681318682
2.9631501831501827
3.2943589743589743
2.0557509157509157
0.6583882783882784
0.06285714285714285
0.6575824175824175
2.1798534798534797
3.17992673992674
2.7866666666666666
1.6826373626373625
0.13538461538461538
0.16439560439560438
1.249084249084249
2.493333333333333
3.3
2.6714285714285713
0.8348717948717949
0.15633699633699633
0.17648351648351646
1.8284981684981685
3.005860805860806
3.1291575091575092
2.1895238095238096
0.5931135531135531
0.03465201465201465
0.8453479853479853
2.0686446886446888
3.3
2.971208791208791
1.5037362637362635
0.4585347985347985
0.2071062271062271
1.1636630036630036
2.8326007326007328
3.1597802197802194
2.715750915750916
1.1684981684981686
0.0
0.4706227106227106
1.7535531135531133
2.924468864468864
3.3
2.0549450549450547
0.6398534798534798
0.0
0.6785347985347985
2.299120879120879
3.1855677655677654
2.893040293040293
1.6681318681318682
0.1772893772893773
0.2772161172161172
1.1838095238095239
2.3966300366300364
3.3
2.626300366300366
1.1531868131868133
0.17890109890109887
0.3416849816849816
1.7237362637362637
2.9736263736263737
3.1041758241758237
2.1798534798534797
0.635018315018315
0.038681318681318674
0.722051282051282
2.1967765567765567
3.3
3.0485714285714285
1.5142124542124542
0.3779487179487179
0.14827838827838827
1.2547252747252746
2.42
3.2516483516483516
2.6835164835164833
1.0218315018315018
0.0709157509157509
0.3763369963369963
1.606080586080586
3.0759706959706956
3.3
2.0436630036630037
0.7470329670329671
0.033846153846153845
0.680952380952381
2.606153846153846
3.154945054945055
3.0638827838827836
1.6028571428571428
0.23208791208791207
0.23208791208791207
1.1596336996336996
2.564249084249084
3.3
2.5634432234432234
1.2047619047619047
0.04673992673992673
0.3013919413919414
1.93003663003663
2.954285714285714
3.146886446886447
2.1427838827838825
0.5238095238095238
0.0709157509157509
0.7720146520146519
2.22981684981685
3.3
2.9035164835164835
1.5722344322344322
0.31589743589743585
0.3529670329670329
1.3208058608058608
2.643223443223443
3.3
2.6375824175824176
0.942051282051282
0.10073260073260074
0.3497435897435897
1.7334065934065932
3.125128205128205
3.1291575091575092
2.1024908424908424
0.6575824175824175
0.0
0.8509890109890109
2.2185347985347983
3.158168498168498
3.0324542124542124
1.5585347985347986
0.3706959706959707
0.21274725274725273
1.1612454212454213
2.8358241758241753
3.2387545787545786
2.478021978021978
1.1241758241758242
0.0
0.3304029304029304
1.755970695970696
2.9397802197802196
3.2452014652014647
2.0589743589743588
0.5963369963369963
0.1402197802197802
0.5963369963369963
2.2684981684981684
3.26051282051282
2.8906227106227105
1.6721611721611722
0.3626373626373626
0.5552380952380952
1.349010989010989
2.552161172161172
3.3
2.5634432234432234
0.9952380952380953
0.08864468864468865
0.356996336996337
1.7495238095238093
3.1154578754578752
3.0308424908424905
2.1355311355311355
0.5624908424908425
0.0
0.9025641025641026
2.1274725274725275
3.2903296703296703
2.9099633699633696
1.5609523809523809
0.3529670329670329
0.06688644688644688
1.1821978021978021
2.844688644688645
3.2218315018315016
2.6375824175824176
1.1588278388278388
0.0
0.5036630036630036
1.7382417582417582
3.0808058608058606
3.3
2.0162637362637366
0.6777289377289376
0.0
0.7043223443223443
2.4393406593406595
3.1855677655677654
2.8317948717948713
1.6093040293040293
0.24336996336996336
0.20388278388278389
1.2273260073260073
2.544102564102564
3.3
2.6738461538461538
1.0387545787545787
0.11443223443223442
0.2675457875457875
1.8978021978021977
3.0308424908424905
3.0743589743589745
2.1645421245421246
0.43677655677655675
0.136996336996337
0.8437362637362638
2.224981684981685
3.3
2.876117216117216
1.5327472527472525
0.37956043956043956
0.0967032967032967
1.2893772893772895
2.576336996336996
3.232307692307692
2.6520879120879117
0.9887912087912087
0.06446886446886448
0.5294505494505495
1.7454945054945052
3.1178754578754577
3.025201465201465
1.9856410256410255
0.6922344322344322
0.029816849816849816
0.7397802197802197
2.349084249084249
3.1734798534798534
2.9599267399267397
1.569010989010989
0.22241758241758242
0.14102564102564102
1.1926739926739927
2.713333333333333
3.3
2.5876190476190475
1.2023443223443222
0.0419047619047619
0.20388278388278389
1.9002197802197802
2.9704029304029302
3.2629304029304027
2.07025641025641
0.5632967032967032
0.0
0.7333333333333333
2.2088644688644687
3.3
2.8164835164835167
1.7382417582417582
0.21355311355311354
0.0419047619047619
1.3296703296703296
2.745567765567765
3.3
2.59003663003663
0.9928205128205128
0.12732600732600732
0.5431501831501832
1.7454945054945052
3.0840293040293036
3.2290842490842486
2.0654212454212453
0.6583882783882784
0.0
1.1298168498168497
2.1645421245421246
3.179120879120879
2.9276923076923076
1.3949450549450548
0.29736263736263735
0.19663003663003661
1.199120879120879
2.8632234432234434
3.3
2.574725274725275
0.9992673992673993
0.0
0.34087912087912087
1.8139926739926737
2.9865201465201463
3.1573626373626373
2.0098168498168496
0.5173626373626373
0.11362637362637361
0.7244688644688644
2.3426373626373627
3.2645421245421242
2.7608791208791206
1.6367032967032966
0.1934065934065934
0.15553113553113554
1.3756043956043955
2.713333333333333
3.3
2.6649816849816848
0.9339926739926739
0.09831501831501831
0.2683516483516483
1.8365567765567765
3.174285714285714
3.0243956043956044
2.0613919413919413
0.547985347985348
0.027399267399267395
0.8517948717948718
2.1967765567765567
3.2709890109890107
3.042124542124542
1.4336263736263737
0.28608058608058606
0.004835164835164834
1.232161172161172
2.8777289377289375
3.3
2.7504029304029305
1.1821978021978021
0.0
0.43677655677655675
1.7970695970695971
2.909157509157509
3.2677655677655677
1.971135531135531
0.6092307692307691
0.1515018315018315
0.684981684981685
2.3087912087912086
3.2186080586080585
2.9389743589743587
1.5496703296703296
0.14827838827838827
0.0
1.3691575091575092
2.6585347985347982
3.3
2.395824175824176
0.992014652014652
0.1539194139194139
0.444029304029304
1.8736263736263736
3.0969230769230767
3.166227106227106
2.0517216117216117
0.5866666666666667
0.0
0.8856410256410256
2.3039560439560436
3.3
2.983296703296703
1.349010989010989
0.3505494505494505
0.1257142857142857
1.2934065934065935
2.783443223443223
3.2516483516483516
2.594065934065934
1.1298168498168497
0.0
0.3723076923076923
1.7124542124542124
3.0663003663003665
3.206520146520146
1.9566300366300367
0.8816117216117215
0.17245421245421244
0.784102564102564
2.497362637362637
3.2049084249084245
2.7407326007326005
1.614139194139194
0.01611721611721612
0.3449084249084249
1.224102564102564
2.6214652014652016
3.3
2.4296703296703295
1.1273992673992674
0.1241025641025641
0.361025641025641
1.8284981684981685
3.1065934065934067
3.1444688644688643
2.0895970695970694
0.4931868131868132
0.027399267399267395
0.8824175824175824
2.394212454212454
3.3
2.993772893772894
1.4803663003663001
0.3328205128205128
0.0
1.3756043956043955
2.8873992673992674
3.2210256410256406
2.5473260073260073
0.8663003663003663
0.010476190476190476
0.3723076923076923
1.743076923076923
3.1275457875457873
3.2895238095238093
1.93003663003663
0.6334065934065933
0.06043956043956044
0.8469597069597069
1.9348717948717946
3.1807326007326004
2.8696703296703294
1.5802930402930402
0.18776556776556777
0.1676190476190476
1.2466666666666666
2.8003663003663
3.3
2.4328937728937725
1.2257142857142858
0.05399267399267399
0.3038095238095238
1.8244688644688645
3.0437362637362635
3.158168498168498
2.1065201465201464
0.5254212454212454
0.11846153846153845
0.7591208791208791
2.3063736263736265
3.3
2.9905494505494503
1.4884249084249084
0.21435897435897436
0.15875457875457874
1.3385347985347984
2.735897435897436
3.2435897435897436
2.4957509157509152
0.9976556776556775
0.0701098901098901
0.39487179487179486
1.8043223443223442
3.142051282051282
3.0936996336996336
1.9195604395604395
0.8340659340659341
0.0
0.7357509157509157
2.357142857142857
3.20007326007326
2.7987545787545787
1.4336263736263737
0.4271062271062271
0.2917216117216117
1.228131868131868
2.8777289377289375
3.2838827838827838
2.406300366300366
1.0822710622710623
0.06688644688644688
0.44080586080586076
1.9654945054945054
3.0203663003663004
3.258095238095238
2.0057875457875456
0.49157509157509155
0.28608058608058606
0.8485714285714285
2.3764835164835163
3.3
3.0147252747252744
1.6512087912087912
0.29655677655677654
0.028205128205128206
1.4142857142857144
2.735091575091575
3.3
2.570695970695971
0.8945054945054945
0.11926739926739927
0.5487912087912087
1.7422710622710622
3.1476923076923073
3.232307692307692
1.9703296703296704
0.6688644688644688
0.06769230769230769
0.9347985347985348
2.4111355311355314
3.186373626373626
2.791501831501831
1.3836630036630035
0.15714285714285714
0.13538461538461538
1.2692307692307692
2.8317948717948713
3.3
2.4006593406593404
1.1072527472527471
0.040293040293040296
0.3038095238095238
1.9719413919413917
2.9744322344322343
3.2218315018315016
1.929230769230769
0.2651282051282051
0.10315018315018315
0.9904029304029304
2.2926739926739925
3.3
2.757655677655677
1.4706959706959708
0.18776556776556777
0.20307692307692304
1.3965567765567766
2.897069597069597
3.3
2.4409523809523805
0.813113553113553
0.12168498168498168
0.35780219780219774
1.8010989010989011
3.187179487179487
3.17992673992674
2.0299633699633697
0.5826373626373627
0.0
0.8654945054945055
2.4111355311355314
3.2709890109890107
2.8100366300366297
1.5206593406593405
0.2627106227106227
0.3497435897435897
1.266007326007326
3.0066666666666664
3.058241758241758
2.497362637362637
1.066959706959707
0.0
0.5584615384615385
1.9276190476190476
2.9921611721611723
3.0445421245421245
1.8824908424908424
0.6253479853479853
0.24981684981684982
0.8348717948717949
2.4167765567765565
3.244395604395604
2.8366300366300368
1.4884249084249084
0.08622710622710622
0.1668131868131868
1.378021978021978
2.703663003663004
3.3
2.445787545787546
0.8211721611721611
0.09912087912087912
0.3352380952380952
1.7608058608058608
3.026007326007326
3.0727472527472526
2.096043956043956
0.4230769230769231
0.058827838827838826
0.9404395604395605
2.3643956043956043
3.3
2.768131868131868
1.3336996336996336
0.2836630036630036
0.0
1.3312820512820511
2.896263736263736
3.138827838827839
2.402271062271062
0.8848351648351648
0.0
0.5197802197802198
1.8438095238095238
3.077582417582417
3.3
1.884102564102564
0.5294505494505495
0.044322344322344324
0.8179487179487179
2.374871794871795
3.2057142857142855
2.8358241758241753
1.4868131868131869
0.11765567765567765
0.17648351648351646
1.365934065934066
2.7608791208791206
3.3
2.3603663003663002
1.0435897435897437
0.09992673992673992
0.3884249084249084
1.8913553113553112
3.121098901098901
3.167838827838828
2.013040293040293
0.4617582417582417
0.0
0.9613919413919413
2.37970695970696
3.3
2.8172893772893772
1.4126739926739926
0.28608058608058606
0.12652014652014654
1.3852747252747253
2.92043956043956
3.163003663003663
2.497362637362637
0.9678388278388278
0.0
0.6535531135531135
1.9429304029304026
3.1936263736263735
3.2234432234432235
1.8655677655677656
0.6479120879120879
0.025787545787545788
0.7897435897435897
2.5473260073260073
3.2637362637362637
2.854358974358974
1.435238095238095
0.19179487179487179
0.30542124542124544
1.34981684981685
2.9454212454212456
3.2669597069597067
2.44981684981685
1.0145787545787546
0.0
0.4867399267399267
1.8373626373626373
3.0316483516483514
3.2677655677655677
1.8430036630036628
0.46014652014652013
0.13619047619047617
0.8856410256410256
2.178241758241758
3.3
2.705274725274725
1.4698901098901098
0.2063003663003663
0.2949450549450549
1.4715018315018313
2.8108424908424907
3.2516483516483516
2.437728937728938
0.8324542124542124
0.023369963369963366
0.4625641025641025
1.9042490842490842
3.1646153846153844
3.192014652014652
2.025128205128205
0.6994871794871794
0.0
0.9791208791208791
2.1854945054945056
3.3
2.813260073260073
1.423956043956044
0.3207326007326007
0.1676190476190476
1.465054945054945
2.8124542124542122
3.20007326007326
2.4393406593406595
1.1499633699633698
0.0
0.5689377289377289
1.9477655677655676
3.175897435897436
3.3
1.8252747252747252
0.5608791208791208
0.0
0.9243223443223443
2.589230769230769
3.1444688644688643
2.9035164835164835
1.191062271062271
0.17406593406593404
0.0
1.307106227106227
2.843882783882784
3.262124542124542
2.378901098901099
1.0532600732600732
0.00402930402930403
0.39728937728937724
1.9945054945054945
3.1356043956043953
3.1001465201465197
1.9364835164835164
0.2643223443223443
0.20227106227106226
0.8203663003663003
2.4635164835164836
3.3
2.7205860805860804
1.4835897435897434
0.16278388278388276
0.07655677655677656
1.4916483516483514
2.638388278388278
3.3
2.4167765567765565
0.7768498168498168
0.13619047619047617
0.3997069597069597
1.9445421245421244
3.2516483516483516
3.0042490842490843
1.9235897435897436
0.39406593406593404
0.05238095238095238
1.0145787545787546
2.341025641025641
3.3
2.9510622710622707
1.2676190476190474
0.25384615384615383
0.23934065934065932
1.436043956043956
3.0646886446886445
3.2863003663003663
2.394212454212454
0.5463736263736264
0.0
0.6616117216117215
1.90989010989011
3.1017582417582417
3.2355311355311356
1.7688644688644688
0.6092307692307691
0.0
0.9331868131868131
2.324908424908425
3.2476190476190476
2.8986813186813185
1.5005128205128204
0.0854212454212454
0.28124542124542123
1.3425641025641024
2.913186813186813
3.3
2.3547252747252747
1.074212454212454
0.0
0.5681318681318681
2.0380219780219777
3.0759706959706956
3.2452014652014647
1.9485714285714284
0.4585347985347985
0.0
0.9299633699633699
2.5295970695970693
3.3
2.752014652014652
1.456190476190476
0.21355311355311354
0.2111355311355311
1.5528937728937728
2.759267399267399
3.3
2.527179487179487
0.921098901098901
0.07816849816849816
0.5165567765567765
1.9268131868131866
3.224249084249084
