3.2298901098901096
2.323296703296703
0.23208791208791207
0.3078388278388278
2.250769230769231
3.2315018315018316
2.071868131868132
0.37956043956043956
0.2917216117216117
2.3893772893772893
3.3
2.0750915750915753
0.15875457875457874
0.2715750915750916
2.331355311355311
3.3
2.2717216117216115
0.4472527472527473
0.23853479853479853
2.1774358974358976
3.3
2.229010989010989
0.3843956043956044
0.20307692307692304
2.0678388278388278
3.3
2.1572893772893775
0.3586080586080586
0.4238827838827839
2.3079853479853476
3.3
1.8937728937728937
0.25545787545787546
0.39164835164835166
2.237069597069597
3.3
2.1435897435897435
0.2756043956043956
0.4037362637362637
2.1685714285714286
3.299194139194139
2.113772893772894
0.35538461538461535
0.1087912087912088
2.2556043956043954
3.2089377289377286
2.1685714285714286
0.22564102564102564
0.28205128205128205
2.2096703296703297
3.2516483516483516
1.8712087912087911
0.365054945054945
0.2949450549450549
2.5287912087912088
3.2669597069597067
2.112967032967033
0.3924542124542124
0.2715750915750916
2.265274725274725
3.3
1.8647619047619046
0.3529670329670329
0.30461538461538457
2.0831501831501833
3.3
2.087985347985348
0.4456410256410256
0.19582417582417583
1.988058608058608
3.3
2.1532600732600735
0.3658608058608058
0.444029304029304
2.084761904761905
3.3
1.9002197802197802
0.689010989010989
0.4061538461538461
2.1516483516483516
3.3
2.3104029304029305
0.2369230769230769
0.39164835164835166
2.2120879120879122
3.2726007326007323
2.229010989010989
0.19260073260073257
0.38197802197802194
2.2757509157509155
3.232307692307692
2.0186813186813186
0.31025641025641026
0.26593406593406593
2.2265934065934063
3.26051282051282
2.0420512820512817
0.4383882783882783
0.32395604395604394
2.2958974358974356
3.27018315018315
2.0734798534798533
0.44886446886446885
0.2610989010989011
2.4216117216117214
3.3
2.0323809523809526
0.4005128205128205
0.3038095238095238
2.2717216117216115
3.3
1.926007326007326
0.22805860805860806
0.3843956043956044
2.0613919413919413
3.3
2.121831501831502
0.2796336996336996
0.4351648351648352
2.225787545787546
3.3
2.1306959706959705
0.2635164835164835
0.41904761904761906
2.1492307692307695
3.248424908424908
2.207252747252747
0.16923076923076924
0.46417582417582415
2.10007326007326
3.2468131868131866
2.1734065934065936
0.35135531135531134
0.38278388278388276
2.3684249084249083
3.269377289377289
2.3418315018315017
0.3384615384615385
0.23934065934065932
2.2136996336996337
3.2774358974358972
2.1854945054945056
0.39084249084249084
0.28285714285714286
2.3579487179487177
3.2709890109890107
2.0936263736263734
0.37391941391941386
0.3199267399267399
2.0895970695970694
3.3
2.0686446886446888
0.38036630036630037
0.4238827838827839
2.0202930402930406
3.3
2.096849816849817
0.2594871794871795
0.5737728937728938
2.187912087912088
3.3
2.0936263736263734
0.1394139194139194
0.41743589743589743
2.2306227106227103
3.3
2.2636630036630034
0.3013919413919414
0.39164835164835166
2.2838095238095235
3.2250549450549446
1.9364835164835164
0.5286446886446886
0.34410256410256407
2.4393406593406595
3.2508424908424907
2.0976556776556774
0.33604395604395604
0.3021978021978022
2.3224908424908426
3.237948717948718
2.1435897435897435
0.3142857142857143
0.3110622710622711
2.3966300366300364
3.3
1.988058608058608
0.29413919413919415
0.16117216117216118
2.233040293040293
3.3
2.019487179487179
0.273992673992674
0.3997069597069597
2.211282051282051
3.3
2.0549450549450547
0.0
0.47545787545787543
2.136336996336996
3.3
1.9558241758241757
0.20952380952380953
0.4424175824175824
2.258827838827839
3.295164835164835
2.1871062271062267
0.31025641025641026
0.4142124542124542
2.4635164835164836
3.258095238095238
2.1427838827838825
0.2071062271062271
0.3537728937728937
2.3934065934065933
3.2306959706959706
2.0694505494505493
0.22241758241758242
0.2522344322344322
2.07992673992674
3.2838827838827838
2.0476923076923077
0.2643223443223443
0.26996336996336995
2.3265201465201466
3.2709890109890107
2.0380219780219777
0.3376556776556776
0.29655677655677654
2.3104029304029305
3.3
2.0364102564102566
0.21677655677655677
0.38278388278388276
2.5674725274725274
3.3
2.158095238095238
0.2530402930402931
0.4682051282051282
2.1274725274725275
3.3
2.1838827838827837
0.15794871794871793
0.5866666666666667
2.2
3.3
2.1637362637362636
0.22564102564102564
0.43355311355311354
2.2564102564102564
3.2258608058608056
2.0525274725274727
0.19663003663003661
0.38600732600732596
2.2556043956043954
3.2194139194139195
2.0871794871794873
0.25062271062271063
0.24095238095238095
2.283003663003663
3.196043956043956
2.154065934065934
0.3594139194139194
0.2772161172161172
2.3684249084249083
3.3
2.4949450549450547
0.2893040293040293
0.3183150183150183
2.4151648351648354
3.3
2.088791208791209
0.3231501831501831
0.4021245421245421
2.4248351648351645
3.3
2.0065934065934066
0.298974358974359
0.4794871794871795
2.129084249084249
3.3
2.0654212454212453
0.27802197802197803
0.5560439560439561
2.2265934065934063
3.3
2.083956043956044
0.2232234432234432
0.5375091575091575
2.4264468864468864
3.237948717948718
2.1403663003663
0.3924542124542124
0.46014652014652013
2.3458608058608057
3.258095238095238
2.0549450549450547
0.18373626373626373
0.4126007326007326
2.387765567765568
3.2234432234432235
2.1186080586080585
0.39487179487179486
0.2917216117216117
2.5167032967032967
3.2452014652014647
1.9574358974358974
0.307032967032967
0.38117216117216113
2.3587545787545787
3.3
2.0227106227106226
0.0
0.2957509157509157
2.287032967032967
3.3
1.718095238095238
0.2514285714285714
0.40776556776556777
2.2217582417582418
3.3
2.1532600732600735
0.27641025641025635
0.5012454212454213
2.241098901098901
3.3
2.0952380952380953
0.47626373626373625
0.4714285714285714
2.2717216117216115
3.3
1.8478388278388278
0.2232234432234432
0.3997069597069597
2.3361904761904757
3.236336996336996
2.0525274725274727
0.2852747252747253
0.41340659340659336
2.387765567765568
3.224249084249084
2.1266666666666665
0.3473260073260073
0.28446886446886444
2.3023443223443225
3.2403663003663
2.136336996336996
0.3352380952380952
0.31025641025641026
2.2781684981684984
3.3
2.0388278388278387
0.25384615384615383
0.39809523809523806
2.3426373626373627
3.3
2.0589743589743588
0.2917216117216117
0.3763369963369963
2.238681318681319
3.3
1.9517948717948717
0.15794871794871793
0.49157509157509155
2.349084249084249
3.3
2.0501098901098898
0.16036630036630034
0.6616117216117215
2.2556043956043954
3.2927472527472528
2.104102564102564
0.13296703296703297
0.4279120879120879
2.3547252747252747
3.2790476190476188
2.2644688644688644
0.15633699633699633
0.5455677655677655
2.3321611721611717
3.1767032967032964
2.187912087912088
0.12490842490842491
0.40695970695970696
2.4345054945054945
3.2548717948717947
2.0638095238095238
0.2627106227106227
0.3723076923076923
2.4224175824175824
3.241978021978022
2.0976556776556774
0.22967032967032966
0.2909157509157509
2.2717216117216115
3.3
1.9969230769230768
0.36827838827838827
0.3747252747252747
2.387765567765568
3.3
1.9147252747252745
0.4126007326007326
0.4673992673992674
2.2201465201465203
3.3
1.8857142857142857
0.18534798534798536
0.4859340659340659
2.3515018315018312
3.3
2.00014652014652
0.1668131868131868
0.44483516483516483
2.2644688644688644
3.3
2.1452014652014655
0.14747252747252745
0.5665201465201466
2.349084249084249
3.296776556776557
2.108131868131868
0.20065934065934063
0.4037362637362637
2.3104029304029305
3.248424908424908
2.1395604395604395
0.31589743589743585
0.3723076923076923
2.4393406593406595
3.178315018315018
1.999340659340659
0.18212454212454213
0.3368498168498168
2.4135531135531134
3.2452014652014647
1.9074725274725273
0.3545787545787546
0.39567765567765567
2.4167765567765565
3.3
1.9928937728937728
0.24256410256410255
0.2651282051282051
2.291062271062271
3.3
1.4916483516483514
0.16036630036630034
0.498021978021978
2.2169230769230768
3.3
1.987252747252747
0.18937728937728937
0.47223443223443223
2.4490109890109886
3.3
2.074285714285714
0.18212454212454213
0.4585347985347985
2.3095970695970696
3.248424908424908
2.004175824175824
0.18534798534798536
0.44
2.3716483516483517
3.2049084249084245
2.0444688644688647
0.3191208791208791
0.4391941391941392
2.4167765567765565
3.2774358974358972
2.1798534798534797
0.3038095238095238
0.4625641025641025
2.624688644688644
3.27018315018315
1.8905494505494504
0.3199267399267399
0.36989010989010984
2.2902564102564105
3.3
2.0912087912087913
0.2949450549450549
0.4391941391941392
2.2757509157509155
3.3
1.9332600732600733
0.2804395604395604
0.4045421245421245
2.6399999999999997
3.3
2.0323809523809526
0.15794871794871793
0.527032967032967
2.323296703296703
3.3
1.8945787545787545
0.1506959706959707
0.49399267399267394
2.3104029304029305
3.258095238095238
2.132307692307692
0.18937728937728937
0.5705494505494506
2.411941391941392
3.2629304029304027
2.0347985347985347
0.19582417582417583
0.4198534798534798
2.3676190476190477
3.2734065934065932
1.8655677655677656
0.2610989010989011
0.4279120879120879
2.3893772893772893
3.2194139194139195
1.8744322344322342
0.30542124542124544
0.3868131868131868
2.2999267399267396
3.3
1.8712087912087911
0.2715750915750916
0.45289377289377286
2.374871794871795
3.3
1.7777289377289376
0.249010989010989
0.6027838827838828
2.1991941391941388
3.3
2.141978021978022
0.21355311355311354
0.523003663003663
2.3087912087912086
3.3
2.0364102564102566
0.12490842490842491
0.5036630036630036
2.2926739926739925
3.248424908424908
1.9735531135531135
0.08461538461538462
0.5044688644688644
2.3095970695970696
3.2153846153846155
2.1032967032967034
0.24336996336996336
0.36424908424908425
2.411941391941392
3.202490842490842
1.9654945054945054
0.40776556776556777
0.3997069597069597
2.3216849816849816
3.2371428571428567
1.8478388278388278
0.3328205128205128
0.41743589743589743
2.357142857142857
3.3
1.8268864468864467
0.5221978021978022
0.4424175824175824
2.3418315018315017
3.3
1.6157509157509158
0.19179487179487179
0.6301831501831502
2.3095970695970696
3.3
1.9848351648351648
0.04835164835164835
0.5632967032967032
2.2958974358974356
3.3
2.1516483516483516
0.0
0.46498168498168496
2.4949450549450547
3.266153846153846
2.0654212454212453
0.14989010989010987
0.4287179487179487
2.4304761904761905
3.20007326007326
1.9324542124542123
0.21919413919413916
0.5093040293040293
2.4554578754578755
3.2476190476190476
1.7656410256410255
0.3336263736263736
0.39487179487179486
2.4393406593406595
3.3
1.8002930402930402
0.39406593406593404
0.47706959706959706
2.2781684981684984
3.3
1.884908424908425
0.2836630036630036
0.5504029304029304
2.336996336996337
3.3
1.9316483516483516
0.1708424908424908
0.5455677655677655
2.378095238095238
3.3
1.9082783882783882
0.14344322344322344
0.46095238095238095
2.2999267399267396
3.2613186813186807
1.7914285714285714
0.12249084249084248
0.4343589743589743
2.4127472527472524
3.183956043956044
1.8704029304029302
0.10073260073260074
0.3449084249084249
2.4087179487179484
3.1992673992673994
1.8736263736263736
0.2772161172161172
0.4126007326007326
2.444175824175824
3.237948717948718
1.8397802197802198
0.31589743589743585
0.4456410256410256
2.395824175824176
3.3
1.7172893772893771
0.18857142857142856
0.4005128205128205
2.6698168498168497
3.3
1.8526739926739926
0.2079120879120879
0.5286446886446886
2.341025641025641
3.3
1.9453479853479854
0.0709157509157509
0.5810256410256409
2.2725274725274724
3.295164835164835
1.9074725274725273
0.19018315018315018
0.5068864468864468
2.4610989010989006
3.2129670329670326
1.9663003663003662
0.010476190476190476
0.5052747252747253
2.572307692307692
3.183956043956044
2.00014652014652
0.518974358974359
0.4295238095238095
2.566666666666667
3.212161172161172
1.5077655677655677
0.25384615384615383
0.46014652014652013
2.6601465201465198
3.3
1.9276190476190476
0.25868131868131866
0.43355311355311354
2.324908424908425
3.3
1.8679853479853479
0.1797069597069597
0.5624908424908425
2.299120879120879
3.3
1.8204395604395605
0.07978021978021978
0.5342857142857143
2.3966300366300364
3.3
1.9783882783882785
0.1257142857142857
0.5947252747252747
2.3813186813186813
3.2371428571428567
1.76
0.2353113553113553
0.37391941391941386
2.501391941391941
3.3
1.987252747252747
0.33201465201465197
0.4391941391941392
2.476410256410256
3.204102564102564
1.884102564102564
0.3352380952380952
0.4383882783882783
2.4167765567765565
3.2226373626373626
1.8075457875457874
0.15794871794871793
0.47868131868131863
2.378095238095238
3.3
1.8293040293040292
0.15714285714285714
0.5568498168498168
2.374871794871795
3.3
1.8454212454212455
0.17487179487179486
0.48915750915750916
2.3361904761904757
3.3
1.8961904761904762
0.09589743589743589
0.6011721611721611
2.3079853479853476
3.2927472527472528
2.0646153846153847
0.27641025641025635
0.5439560439560439
2.49010989010989
3.2387545787545786
1.9727472527472527
0.0
0.4593406593406593
2.42
3.1646153846153844
1.9493772893772894
0.17245421245421244
0.4819047619047619
2.5618315018315014
3.1968498168498165
1.8567032967032966
0.28285714285714286
0.435970695970696
2.37970695970696
3.2476190476190476
1.7825641025641024
0.12732600732600732
0.48754578754578753
2.382930402930403
3.3
1.7535531135531133
0.30058608058608055
0.45289377289377286
2.339413919413919
3.3
1.8244688644688645
0.0709157509157509
0.46417582417582415
2.4264468864468864
3.3
1.9646886446886447
0.08945054945054944
0.6116483516483516
2.3974358974358974
3.2766300366300363
1.913113553113553
0.1386080586080586
0.5987545787545788
2.1991941391941388
3.20007326007326
2.2008058608058607
0.08139194139194138
0.4520879120879121
2.8326007326007328
3.208131868131868
1.8784615384615382
0.22725274725274722
0.46659340659340653
2.5553846153846154
3.2258608058608056
1.9066666666666665
0.1845421245421245
0.4061538461538461
2.465128205128205
3.3
1.8349450549450548
0.2482051282051282
0.5238095238095238
2.4296703296703295
3.3
1.784981684981685
0.17406593406593404
0.6745054945054945
2.4385347985347985
3.3
1.8744322344322342
0.025787545787545788
0.5915018315018314
2.4586813186813186
3.1936263736263735
1.8454212454212455
0.08703296703296702
0.6205128205128205
2.4264468864468864
3.1484981684981683
1.755970695970696
0.10637362637362636
0.547985347985348
2.568278388278388
3.2186080586080585
1.8736263736263736
0.14908424908424908
0.48754578754578753
2.552967032967033
3.2355311355311356
1.764029304029304
0.22644688644688643
0.5246153846153846
2.4425641025641025
3.3
1.7793406593406593
0.2683516483516483
0.48029304029304026
2.5150915750915748
3.3
1.8099633699633697
0.2852747252747253
0.5294505494505495
2.432087912087912
3.2774358974358972
1.8824908424908424
0.0
0.7309157509157509
2.37970695970696
3.2774358974358972
1.9405128205128204
0.14827838827838827
0.6398534798534798
2.4006593406593404
3.2677655677655677
2.083956043956044
0.0
0.5157509157509158
2.3893772893772893
3.1968498168498165
2.07025641025641
0.20388278388278389
0.5173626373626373
2.4949450549450547
3.146080586080586
1.7446886446886447
0.17487179487179486
0.5415384615384615
2.548937728937729
3.2186080586080585
1.7624175824175823
0.2731868131868132
0.365054945054945
2.4264468864468864
3.256483516483516
1.743076923076923
0.23934065934065932
0.601978021978022
2.2781684981684984
3.3
1.7019780219780218
0.08058608058608059
0.527032967032967
2.4127472527472524
3.3
1.8284981684981685
0.1515018315018315
0.6575824175824175
2.5545787545787544
3.2613186813186807
2.007399267399267
0.10073260073260074
0.6785347985347985
2.5416849816849814
3.232307692307692
1.8994139194139192
0.0
0.5213919413919413
2.432087912087912
3.206520146520146
1.8945787545787545
0.0709157509157509
0.39406593406593404
2.249157509157509
3.2387545787545786
1.730989010989011
0.38036630036630037
0.5052747252747253
2.523150183150183
3.295164835164835
1.726959706959707
0.49076923076923074
0.46417582417582415
2.5215384615384613
3.3
1.9042490842490842
0.23853479853479853
0.5923076923076923
2.453846153846154
3.3
1.7132600732600731
0.13135531135531134
0.6406593406593407
2.5263736263736263
3.3
1.8325274725274725
0.07736263736263735
0.6438827838827839
2.497362637362637
3.2145787545787545
1.9663003663003662
0.033846153846153845
0.6422710622710622
2.5046153846153847
3.2049084249084245
1.9042490842490842
0.14344322344322344
0.5560439560439561
2.4925274725274726
3.17992673992674
1.921172161172161
0.2328937728937729
0.48754578754578753
2.4393406593406595
3.3
1.6915018315018315
0.20952380952380953
0.5600732600732601
2.6714285714285713
3.3
1.8228571428571427
0.19501831501831499
0.5753846153846154
2.5553846153846154
3.3
1.8333333333333333
0.08622710622710622
0.73010989010989
2.473992673992674
3.3
1.8784615384615382
0.1386080586080586
0.5528205128205127
2.4965567765567767
3.212161172161172
1.9235897435897436
0.03948717948717948
0.672893772893773
2.5424908424908423
3.2129670329670326
1.88007326007326
0.017728937728937726
0.49399267399267394
2.655311355311355
3.2548717948717947
1.8131868131868132
0.3328205128205128
0.5826373626373627
2.573113553113553
3.2709890109890107
1.6238095238095238
0.273992673992674
0.5141391941391942
2.618241758241758
3.3
1.7366300366300367
0.09509157509157509
0.6317948717948717
2.5142857142857142
3.2613186813186807
1.7817582417582416
0.00805860805860806
0.680952380952381
2.4167765567765565
3.291941391941392
1.8010989010989011
0.10073260073260074
0.784102564102564
2.478021978021978
3.202490842490842
1.8832967032967032
0.025787545787545788
0.6213186813186813
2.68996336996337
3.17992673992674
1.8607326007326006
0.18212454212454213
0.4617582417582417
2.8293772893772893
3.1968498168498165
1.7946520146520146
0.20871794871794871
0.502051282051282
2.3893772893772893
3.3
1.7406593406593407
0.35780219780219774
0.6317948717948717
2.5715018315018314
3.3
1.76
0.4738461538461538
0.6680586080586081
2.544908424908425
3.3
1.7253479853479852
0.0
0.6575824175824175
2.544102564102564
3.2452014652014647
1.6737728937728937
0.05963369963369963
0.6817582417582417
2.481245421245421
3.2097435897435895
1.8349450549450548
0.11684981684981685
0.6164835164835165
2.616630036630036
3.187179487179487
1.8704029304029302
0.18212454212454213
0.5697435897435897
2.6198534798534796
3.171062271062271
1.8107692307692307
0.23772893772893772
0.5262271062271062
2.6375824175824176
3.2613186813186807
1.7237362637362637
0.0
0.5552380952380952
2.4256410256410255
3.2371428571428567
1.6649084249084247
0.18937728937728937
0.6463003663003662
2.6746520146520143
3.3
1.6584615384615384
0.06769230769230769
0.7583150183150182
2.4425641025641025
3.3
1.9227838827838826
0.0
0.6599999999999999
2.569084249084249
3.1404395604395603
1.7575824175824175
0.26593406593406593
0.6277655677655677
2.523150183150183
3.2645421245421242
1.8510622710622708
0.047545787545787546
0.597948717948718
2.784249084249084
3.232307692307692
1.755970695970696
0.24578754578754577
0.5729670329670329
2.6601465201465198
3.258095238095238
1.444102564102564
0.1942124542124542
0.6043956043956044
2.995384615384615
3.3
1.6810256410256408
0.2522344322344322
0.6833699633699633
2.477216117216117
3.2637362637362637
1.7873992673992674
0.16278388278388276
0.697069597069597
2.523150183150183
3.2169963369963366
1.8244688644688645
0.1635897435897436
0.697069597069597
2.5553846153846154
3.2709890109890107
1.8043223443223442
0.044322344322344324
0.6229304029304028
2.843882783882784
3.167838827838828
1.726959706959707
0.0
0.5842490842490843
2.689157509157509
3.0936996336996336
1.7100366300366299
0.16197802197802197
0.5753846153846154
2.605347985347985
3.3
1.618168498168498
0.11443223443223442
0.5657142857142857
2.707692307692308
3.3
1.593186813186813
0.2530402930402931
0.6156776556776556
2.6923809523809523
3.3
1.5996336996336997
0.1087912087912088
0.7091575091575092
2.483663003663003
3.3
1.7543589743589743
0.0
0.8316483516483516
2.5295970695970693
3.2290842490842486
1.7608058608058608
0.0
0.635018315018315
2.63032967032967
3.1597802197802194
1.6834432234432235
0.0
0.48915750915750916
2.6738461538461538
3.2218315018315016
1.6874725274725275
0.12974358974358974
0.7268864468864469
2.685934065934066
3.25003663003663
1.6109157509157508
0.1829304029304029
0.5205860805860805
2.6134065934065935
3.237948717948718
1.5367765567765566
0.2336996336996337
0.6672527472527472
2.42
3.3
1.6802197802197802
0.03062271062271062
0.7671794871794871
2.5150915750915748
3.3
1.8953846153846152
0.0008058608058608059
0.7035164835164834
2.5223443223443223
3.2097435897435895
1.9808058608058607
0.006446886446886447
0.6519413919413919
2.61018315018315
3.2597069597069597
1.7608058608058608
0.058827838827838826
0.5939194139194139
2.71010989010989
3.150915750915751
1.8526739926739926
0.14989010989010987
0.5890842490842491
2.7165567765567764
3.3
1.7205128205128206
0.21919413919413916
0.5987545787545788
2.6545054945054942
3.3
1.606080586080586
0.09589743589743589
0.6317948717948717
2.3652014652014652
3.3
1.6632967032967032
0.0
0.651135531135531
2.624688644688644
3.287106227106227
1.76
0.0016117216117216117
0.6011721611721611
2.49010989010989
3.174285714285714
1.8478388278388278
0.08864468864468865
0.738168498168498
2.6279120879120876
3.1533333333333333
1.709230769230769
0.0838095238095238
0.5915018315018314
2.642417582417582
3.113040293040293
1.9018315018315017
0.16036630036630034
0.672893772893773
3.0888644688644686
3.2645421245421242
1.5117948717948717
0.18212454212454213
0.5737728937728938
2.659340659340659
3.295164835164835
1.6616849816849815
0.15875457875457874
0.7043223443223443
2.689157509157509
3.3
1.585128205128205
0.037875457875457874
0.73010989010989
2.484468864468864
3.3
1.7914285714285714
0.0
0.7542857142857142
2.4345054945054945
3.1855677655677654
1.6463736263736264
0.00402930402930403
0.6253479853479853
2.711721611721612
3.0936996336996336
1.872014652014652
0.1257142857142857
0.6189010989010988
2.7326739926739925
3.2129670329670326
1.569010989010989
0.3892307692307692
0.5802197802197803
2.6649816849816848
3.2258608058608056
1.6890842490842488
0.19824175824175824
0.651135531135531
2.5819780219780215
3.2903296703296703
1.6028571428571428
0.18857142857142856
0.7494505494505495
2.5698901098901095
3.3
1.5923809523809522
0.05641025641025641
0.7623443223443223
2.544102564102564
3.216190476190476
1.6455677655677654
0.0
0.7244688644688644
2.752014652014652
3.154945054945055
1.6721611721611722
0.18937728937728937
0.6487179487179487
2.6295238095238096
3.087252747252747
1.767252747252747
0.11120879120879121
0.647106227106227
2.6561172161172157
3.212161172161172
1.6931135531135528
0.17245421245421244
0.5866666666666667
2.647252747252747
3.2806593406593403
1.5134065934065932
0.3723076923076923
0.6197069597069597
2.8857875457875455
3.3
1.6681318681318682
0.03948717948717948
0.805054945054945
2.5416849816849814
3.3
1.622197802197802
0.0
0.7228571428571429
2.5545787545787544
3.216190476190476
1.7366300366300367
0.3594139194139194
0.7849084249084248
2.590842490842491
3.2629304029304027
1.7140659340659339
0.0
0.6398534798534798
2.6682051282051282
3.19040293040293
1.7704761904761903
0.19985347985347984
0.5923076923076923
2.7165567765567764
3.171062271062271
1.7543589743589743
0.2216117216117216
0.6801465201465201
2.697216117216117
3.3
1.5456410256410256
0.2063003663003663
0.6777289377289376
2.618241758241758
3.3
1.626227106227106
0.05318681318681318
0.8252014652014652
2.5457142857142854
3.187179487179487
1.6391208791208791
0.011282051282051281
0.8171428571428571
2.615018315018315
3.0920879120879117
1.7317948717948717
0.09509157509157509
0.7317216117216117
2.6867399267399263
3.0824175824175826
1.6931135531135528
0.044322344322344324
0.6535531135531135
2.632747252747252
3.167838827838828
1.6931135531135528
0.11120879120879121
0.6277655677655677
2.8454945054945053
3.171062271062271
1.6109157509157508
0.10717948717948718
0.6285714285714286
2.5158974358974358
3.3
1.4819780219780219
0.08622710622710622
0.7284981684981685
2.424029304029304
3.3
1.6044688644688643
0.09428571428571428
0.8405128205128204
2.5432967032967033
3.3
1.7003663003663003
0.03465201465201465
0.8227838827838827
2.5594139194139194
3.3
1.7285714285714286
0.006446886446886447
0.7147985347985347
2.7407326007326005
3.187179487179487
1.7414652014652012
0.08703296703296702
0.7518681318681317
2.6198534798534796
3.171062271062271
1.5746520146520147
0.28446886446886444
0.6148717948717949
2.6359706959706957
3.1928205128205125
1.5754578754578754
0.1241025641025641
0.7526739926739926
2.685934065934066
3.2814652014652013
1.5351648351648353
0.1402197802197802
0.7333333333333333
2.6520879120879117
3.2387545787545786
1.5496703296703296
0.08461538461538462
0.7792673992673993
2.5384615384615383
3.2468131868131866
1.4183150183150184
0.0
0.8058608058608059
2.612600732600732
3.2097435897435895
1.8832967032967032
0.09992673992673992
0.7607326007326007
2.636776556776556
3.138827838827839
1.7745054945054943
0.03545787545787545
0.6664468864468864
2.635164835164835
3.158168498168498
1.585128205128205
0.11282051282051282
0.6567765567765568
2.761684981684981
3.2331135531135526
1.476336996336996
0.012893772893772894
0.7172161172161172
2.632747252747252
3.3
1.5964102564102562
0.1805128205128205
0.7655677655677655
2.328937728937729
3.3
1.46021978021978
0.09912087912087912
0.8042490842490841
2.60051282051282
3.295970695970696
1.5472527472527473
0.0
0.8018315018315019
2.6585347985347982
3.20007326007326
1.5915750915750915
0.0419047619047619
0.7389743589743589
2.6585347985347982
3.1605860805860804
1.5802930402930402
0.05479853479853479
0.6543589743589744
2.8253479853479853
3.196043956043956
1.6028571428571428
0.21516483516483514
0.6777289377289376
2.71978021978022
3.2452014652014647
1.4972893772893772
0.18857142857142856
0.6986813186813187
2.714945054945055
3.3
1.5174358974358972
0.09912087912087912
0.7478388278388277
2.626300366300366
3.3
1.7535531135531133
0.0
0.8300366300366301
2.5183150183150182
3.258095238095238
1.5625641025641026
0.0
0.8389010989010989
2.856776556776557
3.3
1.7027838827838826
0.0
0.7430036630036629
2.755238095238095
3.107399267399267
1.6713553113553112
0.00805860805860806
0.7284981684981685
2.7778021978021976
3.167032967032967
1.4997069597069594
0.24014652014652013
0.676923076923077
2.7584615384615385
3.244395604395604
1.4980952380952381
0.2079120879120879
0.6946520146520146
2.745567765567765
3.295970695970696
1.4787545787545788
0.136996336996337
0.7470329670329671
2.7544322344322345
3.2903296703296703
1.6358974358974359
0.0
0.9227106227106228
2.6738461538461538
3.2145787545787545
1.6149450549450548
0.0
0.9049816849816849
2.673040293040293
3.085641025641025
1.6745787545787545
0.12249084249084248
0.7792673992673993
2.68996336996337
3.1219047619047617
1.7575824175824175
0.049157509157509154
0.6575824175824175
2.8906227106227105
3.1275457875457873
1.5609523809523809
0.1934065934065934
0.713992673992674
2.7423443223443225
3.067106227106227
1.464249084249084
0.09750915750915749
0.6898168498168498
2.718168498168498
3.2371428571428567
1.5593406593406594
0.0
0.7808791208791208
2.4393406593406595
3.2258608058608056
1.5134065934065932
0.00805860805860806
0.884029304029304
2.606153846153846
3.124322344322344
1.6004395604395603
0.041098901098901096
0.8679120879120878
2.6794871794871793
3.158974358974359
1.569010989010989
0.05318681318681318
0.813113553113553
2.6520879120879117
3.1613919413919414
1.6608791208791207
0.1547252747252747
0.7123809523809523
2.8124542124542122
3.1573626373626373
1.5335531135531135
0.11282051282051282
0.7156043956043955
2.8180952380952378
3.248424908424908
1.323223443223443
0.2651282051282051
0.7284981684981685
2.747179487179487
3.232307692307692
1.435238095238095
0.11846153846153845
0.8058608058608059
2.6117948717948716
3.3
1.5714285714285714
0.0
0.8638827838827838
2.718974358974359
3.19040293040293
1.568205128205128
0.051575091575091575
0.8767765567765566
2.729450549450549
3.3
1.5875457875457875
0.0
0.7986080586080585
2.88014652014652
3.19040293040293
1.6544322344322344
0.08622710622710622
0.7373626373626374
2.7745787545787546
3.1065934065934067
1.1830036630036629
0.11684981684981685
0.7075457875457875
2.6907692307692304
3.2983882783882783
1.4674725274725273
0.11362637362637361
0.7567032967032966
2.2983150183150185
3.241978021978022
1.5158241758241757
0.08783882783882783
0.8711355311355311
2.5038095238095233
3.174285714285714
1.5456410256410256
0.05963369963369963
0.8985347985347986
2.632747252747252
3.138827838827839
1.622197802197802
0.016923076923076923
0.8598534798534798
2.822124542124542
3.1098168498168497
1.6769963369963368
0.0
0.7438095238095237
2.8833699633699634
3.057435897435897
1.6213919413919413
0.1418315018315018
0.7059340659340658
2.76007326007326
3.196043956043956
1.44007326007326
0.19018315018315018
0.738168498168498
2.721391941391941
3.206520146520146
1.4497435897435897
0.0
0.784102564102564
2.703663003663004
3.3
1.464249084249084
0.14989010989010987
0.8598534798534798
2.577142857142857
3.175897435897436
1.510989010989011
0.011282051282051281
0.8896703296703297
2.763296703296703
3.19040293040293
1.581098901098901
0.0
0.8405128205128204
2.747985347985348
3.113040293040293
1.7237362637362637
0.004835164835164834
0.809084249084249
2.8068131868131867
3.1613919413919414
1.5037362637362635
0.0
0.7607326007326007
2.874505494505494
3.171062271062271
1.423150183150183
0.0
0.7631501831501831
2.729450549450549
3.2097435897435895
1.4916483516483514
0.06205128205128205
0.7534798534798535
2.7568498168498166
3.3
1.394139194139194
0.011282051282051281
0.8848351648351648
2.6996336996337
3.206520146520146
1.6576556776556775
0.1845421245421245
0.892087912087912
2.8116483516483513
3.1194871794871792
1.464249084249084
0.0
0.8235897435897436
2.8696703296703294
3.034065934065934
1.8704029304029302
0.009670329670329669
0.8147252747252747
2.9196336996336996
2.913186813186813
1.3852747252747253
0.03545787545787545
0.7865201465201465
2.624688644688644
3.1315750915750913
1.4666666666666666
0.16600732600732598
0.7534798534798535
2.8197069597069593
3.3
1.307106227106227
0.08703296703296702
0.8598534798534798
2.7004395604395603
3.2452014652014647
1.5456410256410256
0.029816849816849816
0.9235164835164834
2.6649816849816848
3.202490842490842
1.5101831501831502
0.0
0.9098168498168497
2.7326739926739925
3.0888644688644686
1.5561172161172159
0.03706959706959707
0.8372893772893772
2.893040293040293
3.0517948717948715
1.5593406593406594
0.0
0.8115018315018315
2.847912087912088
3.0517948717948715
1.4868131868131869
0.2868864468864469
0.7776556776556777
2.9550915750915747
3.1315750915750913
1.3997802197802196
0.0
0.7824908424908424
2.8736996336996334
3.2790476190476188
1.3723809523809523
0.13135531135531134
0.8300366300366301
3.1041758241758237
3.2129670329670326
1.423150183150183
0.1345787545787546
0.9525274725274725
2.6617582417582417
3.20007326007326
1.481172161172161
0.0
0.9621978021978022
2.7810256410256406
3.1452747252747253
1.5585347985347986
0.2353113553113553
0.8493772893772893
2.847106227106227
3.021172161172161
1.4416849816849817
0.09186813186813186
0.7808791208791208
2.942197802197802
3.1090109890109887
1.4843956043956044
0.15714285714285714
0.7526739926739926
2.808424908424908
3.154945054945055
1.3683516483516482
