0.7704029304029303
3.3
1.4215384615384614
0.11282051282051282
2.8197069597069593
2.452234432234432
0.0
1.8317216117216117
3.2113553113553115
0.5955311355311355
0.8469597069597069
3.208131868131868
1.5416117216117216
0.21274725274725273
2.735897435897436
2.464322344322344
0.0
1.9002197802197802
3.183150183150183
0.630989010989011
0.8066666666666666
3.0743589743589745
1.3264468864468864
0.16117216117216118
2.4586813186813186
2.532014652014652
0.24578754578754577
1.842197802197802
3.0227838827838824
0.39326007326007323
1.1088644688644689
3.196043956043956
1.3482051282051282
0.307032967032967
2.7004395604395603
2.415970695970696
0.16117216117216118
1.917142857142857
3.001831501831502
0.4536996336996337
1.0452014652014652
3.2339194139194136
1.2112087912087912
0.32798534798534795
2.784249084249084
2.1750183150183147
0.0032234432234432234
2.007399267399267
3.042124542124542
0.3352380952380952
1.0387545787545787
3.296776556776557
1.236190476190476
0.2772161172161172
2.9228571428571426
2.249157509157509
0.0
2.128278388278388
3.067106227106227
0.42146520146520144
1.0234432234432234
3.3
1.2192673992673992
0.14586080586080585
2.9695970695970697
2.225787545787546
0.0
1.9235897435897436
3.212161172161172
0.5761904761904761
0.8437362637362638
3.3
1.36996336996337
0.14908424908424908
2.9808791208791208
2.4506227106227105
0.0
1.9558241758241757
3.2838827838827838
0.39728937728937724
0.884029304029304
3.3
1.4255677655677654
0.17567765567765567
2.88014652014652
2.339413919413919
0.03223443223443224
1.9082783882783882
3.1895970695970695
0.5133333333333333
0.9855677655677655
3.2613186813186807
1.1024175824175824
0.20952380952380953
2.7608791208791206
2.349084249084249
0.0967032967032967
1.9638827838827837
3.05018315018315
0.22805860805860806
0.9404395604395605
3.2226373626373626
1.3804395604395603
0.3013919413919414
2.8124542124542122
2.2717216117216115
0.08864468864468865
1.9598534798534797
2.991355311355311
0.2804395604395604
1.0532600732600732
3.2798534798534797
1.3046886446886445
0.3183150183150183
2.8906227106227105
2.2636630036630034
0.14747252747252745
2.0460805860805857
3.038095238095238
0.4472527472527473
1.0903296703296703
3.2822710622710622
1.1072527472527471
0.23128205128205126
2.90029304029304
2.328937728937729
0.0
2.092014652014652
3.054212454212454
0.5463736263736264
1.0726007326007327
3.3
1.2144322344322342
0.21355311355311354
3.0243956043956044
2.261245421245421
0.0
2.037216117216117
3.1646153846153844
0.39567765567765567
0.9912087912087912
3.3
1.3304761904761904
0.1676190476190476
2.9389743589743587
2.1266666666666665
0.0
2.000952380952381
3.2258608058608056
0.24095238095238095
0.9912087912087912
3.3
1.3997802197802196
0.1402197802197802
2.590842490842491
2.4054945054945054
0.0
1.8139926739926737
3.2822710622710622
0.4553113553113553
0.9750915750915751
3.26051282051282
1.4070329670329669
0.26593406593406593
2.787472527472527
2.2821978021978024
0.0
2.0243223443223446
3.0985347985347986
0.5471794871794872
0.9742857142857142
3.1767032967032964
1.3562637362637362
0.32798534798534795
2.838241758241758
2.323296703296703
0.09347985347985346
2.0630036630036632
2.9728205128205127
0.5117216117216117
1.0049084249084248
3.241978021978022
1.0983882783882783
0.39728937728937724
2.922051282051282
2.1726007326007326
0.14344322344322344
1.9727472527472527
2.9760439560439558
0.36344322344322344
1.1153113553113552
3.2806593406593403
1.2176556776556777
0.3110622710622711
3.0243956043956044
1.8832967032967032
0.05721611721611721
2.137948717948718
2.938168498168498
0.33604395604395604
1.0443956043956044
3.3
0.925128205128205
0.2804395604395604
3.00989010989011
2.1685714285714286
0.0
2.1234432234432234
3.196043956043956
0.34410256410256407
1.0323076923076924
3.3
1.1757509157509156
0.0
2.9147985347985346
2.41032967032967
0.0
2.136336996336996
3.1404395604395603
0.31670329670329667
0.9243223443223443
3.3
1.5045421245421244
0.20388278388278389
2.8777289377289375
2.113772893772894
0.009670329670329669
1.8728205128205129
3.208131868131868
0.49157509157509155
0.6793406593406592
3.3
1.3369230769230769
0.2715750915750916
2.884175824175824
2.3643956043956043
0.17326007326007326
1.9364835164835164
2.9857142857142858
0.4899633699633699
0.9178754578754579
3.2186080586080585
1.3667399267399265
0.28849816849816845
2.7866666666666666
2.2314285714285713
0.14344322344322344
2.0509157509157507
3.053406593406593
0.4746520146520146
1.1056410256410254
3.254065934065934
1.1789743589743589
0.3497435897435897
2.905128205128205
2.1153846153846154
0.041098901098901096
2.0936263736263734
2.9865201465201463
0.2232234432234432
1.1072527472527471
3.2822710622710622
1.1934798534798534
0.3424908424908425
3.0517948717948715
2.0323809523809526
0.0
2.299120879120879
3.083223443223443
0.2836630036630036
1.1676923076923076
3.3
1.394139194139194
0.21355311355311354
3.05018315018315
2.258021978021978
0.0
2.331355311355311
3.0646886446886445
0.36666666666666664
0.967032967032967
3.3
1.4134798534798534
0.17890109890109887
2.9728205128205127
2.323296703296703
0.0
2.017069597069597
3.1146520146520147
0.3602197802197802
0.8622710622710623
3.3
1.3997802197802196
0.21597069597069596
2.9019047619047615
2.386959706959707
0.11926739926739927
1.9614652014652014
3.0517948717948715
0.3771428571428571
1.0073260073260073
3.1098168498168497
1.378021978021978
0.32395604395604394
2.784249084249084
2.274945054945055
0.04673992673992673
2.1234432234432234
2.892234432234432
0.3529670329670329
1.1370695970695972
3.256483516483516
1.2055677655677657
0.361025641025641
2.928498168498168
2.1411721611721615
0.08219780219780219
2.2088644688644687
2.9647619047619047
0.29736263736263735
1.203150183150183
3.3
1.1628571428571428
0.28849816849816845
3.0840293040293036
2.0654212454212453
0.06769230769230769
2.3337728937728937
3.013113553113553
0.2683516483516483
1.220879120879121
3.3
1.245054945054945
0.2063003663003663
3.054212454212454
2.242710622710623
0.0
2.233040293040293
3.2032967032967035
0.32234432234432236
1.0339194139194139
3.3
1.1709157509157508
0.1635897435897436
3.0936996336996336
2.254798534798535
0.0
2.007399267399267
3.121098901098901
0.39084249084249084
1.0532600732600732
3.3
1.1797802197802196
0.2836630036630036
3.042124542124542
2.4667399267399266
0.0
1.8978021978021977
3.1734798534798534
0.2594871794871795
0.9404395604395605
3.269377289377289
1.116923076923077
0.2957509157509157
2.8906227106227105
2.158095238095238
0.11926739926739927
2.0710622710622713
3.005054945054945
0.4536996336996337
1.104029304029304
3.187179487179487
1.373992673992674
0.4778754578754578
2.8454945054945053
2.0283516483516486
0.10315018315018315
2.0267399267399266
2.9510622710622707
0.4706227106227106
1.506959706959707
3.237948717948718
1.17010989010989
0.41904761904761906
2.9454212454212456
2.125054945054945
0.049157509157509154
2.4304761904761905
2.9921611721611723
0.3183150183150183
1.0846886446886448
3.3
1.116923076923077
0.4295238095238095
3.0445421245421245
1.8857142857142857
0.012893772893772894
2.353113553113553
2.996996336996337
0.1845421245421245
1.1612454212454213
3.3
1.1008058608058608
0.36666666666666664
3.0840293040293036
1.8857142857142857
0.0
2.0525274725274727
3.0356776556776555
0.16600732600732598
1.124981684981685
3.3
1.2224908424908423
0.3924542124542124
2.9857142857142858
2.0654212454212453
0.007252747252747252
2.2185347985347983
3.0679120879120876
0.2594871794871795
1.0846886446886448
3.3
1.4489377289377288
0.21194139194139194
2.8027838827838827
2.3361904761904757
0.0
2.0734798534798533
3.0920879120879117
0.31267399267399265
1.1330402930402932
3.241978021978022
1.2128205128205127
0.29816849816849816
2.9478388278388277
2.096849816849817
0.10315018315018315
1.996117216117216
2.9591208791208787
0.4593406593406593
1.0613186813186812
3.1726739926739924
1.1282051282051282
0.4271062271062271
2.8616117216117214
2.07025641025641
0.11120879120879121
2.194358974358974
2.942197802197802
0.3626373626373626
1.295018315018315
3.228278388278388
0.958974358974359
0.41501831501831504
3.0284249084249084
2.10007326007326
0.10315018315018315
2.1677655677655676
3.1533333333333333
0.3537728937728937
1.3345054945054944
3.3
1.066959706959707
0.38278388278388276
3.1315750915750913
1.9372893772893773
0.0
2.352307692307692
2.95025641025641
0.13377289377289375
1.2571428571428571
3.3
1.0113553113553113
0.39567765567765567
3.111428571428571
1.9977289377289378
0.0
2.0984615384615384
3.005054945054945
0.23208791208791207
1.1338461538461537
3.3
1.054065934065934
0.2772161172161172
3.075164835164835
2.133919413919414
0.0
2.1685714285714286
3.121098901098901
0.28849816849816845
1.0798534798534798
3.3
1.245054945054945
0.2675457875457875
2.9115750915750915
2.2225641025641023
0.014505494505494505
2.015457875457875
3.050989010989011
0.2627106227106227
0.9484981684981685
3.2645421245421242
1.1862271062271061
0.3416849816849816
2.9349450549450546
2.1750183150183147
0.07655677655677656
1.984029304029304
3.021172161172161
0.3892307692307692
1.1241758241758242
3.248424908424908
1.0484249084249084
0.49882783882783877
2.9558974358974357
2.3007326007326006
0.10717948717948718
2.2394871794871793
2.851941391941392
0.38117216117216113
1.216043956043956
3.1847619047619045
0.9613919413919413
0.3924542124542124
2.993772893772894
1.9155311355311353
0.021758241758241755
2.548937728937729
2.872893772893773
0.28849816849816845
1.266007326007326
3.2548717948717947
0.971062271062271
0.4037362637362637
3.1162637362637358
2.1975824175824177
0.0
2.2781684981684984
2.8454945054945053
0.2578754578754579
1.3248351648351648
3.3
1.0798534798534798
0.369084249084249
3.1178754578754577
2.031575091575091
0.0
2.1927472527472527
3.042124542124542
0.2796336996336996
1.1725274725274726
3.3
0.9799267399267398
0.3964835164835165
3.1573626373626373
2.2201465201465203
0.0
2.253992673992674
3.001831501831502
0.2465934065934066
1.1483516483516483
3.3
1.1298168498168497
0.39809523809523806
2.892234432234432
1.9106959706959705
0.0
2.0444688644688647
2.988937728937729
0.39326007326007323
1.1499633699633698
3.2677655677655677
1.066153846153846
0.4045421245421245
3.053406593406593
2.194358974358974
0.15794871794871793
2.3361904761904757
2.9196336996336996
0.4585347985347985
1.1604395604395605
3.212161172161172
1.079047619047619
0.46014652014652013
3.026007326007326
2.116996336996337
0.06688644688644688
2.265274725274725
2.847912087912088
0.2949450549450549
1.398168498168498
3.2250549450549446
1.0355311355311356
0.49238095238095236
2.9986080586080583
1.9066666666666665
0.06688644688644688
2.2362637362637363
2.8793406593406594
0.2804395604395604
1.3336996336996336
3.3
0.967032967032967
0.4714285714285714
3.1412454212454213
1.7712820512820513
0.0
2.585201465201465
2.9510622710622707
0.20388278388278389
1.3868864468864468
3.3
0.921098901098901
0.36827838827838827
3.183956043956044
2.031575091575091
0.0
2.428058608058608
3.0066666666666664
0.19501831501831499
1.195091575091575
3.3
1.0258608058608059
0.2925274725274725
3.0969230769230767
2.1395604395604395
0.0
2.316849816849817
3.077582417582417
0.1829304029304029
1.2007326007326007
3.3
1.066153846153846
0.3457142857142857
2.924468864468864
2.323296703296703
0.03304029304029304
2.1927472527472527
2.9115750915750915
0.3191208791208791
1.1644688644688646
3.3
1.2909890109890108
0.3602197802197802
3.005054945054945
2.088791208791209
0.136996336996337
2.242710622710623
2.9744322344322343
0.2578754578754579
1.4747252747252748
3.19040293040293
1.0403663003663004
0.5004395604395604
3.0026373626373624
1.9123076923076923
0.09992673992673992
2.428058608058608
2.7745787545787546
0.40776556776556777
1.2853479853479854
3.212161172161172
0.6898168498168498
0.5109157509157509
2.9986080586080583
1.8816849816849817
0.05802197802197802
2.5038095238095233
3.167838827838828
0.18212454212454213
1.4449084249084247
3.3
0.9243223443223443
0.39164835164835166
3.3
2.007399267399267
0.0
2.4006593406593404
3.041318681318681
0.1684249084249084
1.282124542124542
3.3
0.813113553113553
0.4126007326007326
3.1646153846153844
2.009010989010989
0.0
2.3684249084249083
2.9776556776556777
0.1418315018315018
1.2547252747252746
3.3
0.9976556776556775
0.28608058608058606
3.2274725274725276
2.104102564102564
0.0
2.2596336996336994
2.9228571428571426
0.2868864468864469
1.1644688644688646
3.2854945054945053
0.8509890109890109
0.40857142857142853
2.9921611721611723
2.2056410256410257
0.0709157509157509
2.220952380952381
2.8906227106227105
0.31589743589743585
1.236996336996337
3.17992673992674
0.7365567765567765
0.41904761904761906
3.0517948717948715
1.842197802197802
0.08219780219780219
2.2314285714285713
2.727838827838828
0.004835164835164834
1.3345054945054944
3.216190476190476
0.9501098901098901
0.5262271062271062
3.0227838827838824
1.8365567765567765
0.09428571428571428
2.4675457875457876
2.735091575091575
0.21597069597069596
1.432014652014652
3.2452014652014647
0.8469597069597069
0.5246153846153846
3.1057875457875457
2.004175824175824
0.06446886446886448
2.651282051282051
2.87047619047619
0.16117216117216118
1.423150183150183
3.3
0.8961172161172161
0.5649084249084249
3.17025641025641
1.967106227106227
0.0
2.5054212454212452
2.937362637362637
0.0
1.1241758241758242
3.3
0.8389010989010989
0.39406593406593404
3.1517216117216114
1.9372893772893773
0.0
2.233040293040293
2.9744322344322343
0.09025641025641025
1.261978021978022
3.3
1.0258608058608059
0.3843956043956044
3.0703296703296705
1.9856410256410255
0.03304029304029304
2.0549450549450547
2.909157509157509
0.17648351648351646
1.2442490842490843
3.2854945054945053
1.0355311355311356
0.45450549450549443
3.0308424908424905
2.0017582417582416
0.07413919413919413
2.303150183150183
2.83018315018315
0.25384615384615383
1.423956043956044
3.196043956043956
1.0468131868131867
0.5367032967032966
2.9679853479853477
1.8236630036630035
0.11604395604395604
2.3506959706959707
2.735091575091575
0.28205128205128205
1.3876923076923076
3.3
0.8542124542124542
0.5818315018315018
3.1412454212454213
1.7084249084249084
0.06124542124542124
2.576336996336996
2.8060073260073257
0.0
1.5174358974358972
3.3
0.7059340659340658
0.4657875457875458
3.2226373626373626
1.6632967032967032
0.027399267399267395
2.437728937728938
2.835018315018315
0.1708424908424908
1.3079120879120878
3.3
0.8945054945054945
0.5173626373626373
3.2145787545787545
1.876043956043956
0.0
2.394212454212454
2.9607326007326003
0.14827838827838827
1.3852747252747253
3.3
0.7325274725274725
0.4536996336996337
3.206520146520146
2.007399267399267
0.0
2.3506959706959707
2.942197802197802
0.24095238095238095
1.3425641025641024
3.295164835164835
0.9952380952380953
0.5399267399267399
2.9744322344322343
1.9284249084249083
0.12490842490842491
2.4191941391941394
2.8003663003663
0.2917216117216117
1.340952380952381
3.212161172161172
1.0508424908424907
0.5447619047619047
2.9808791208791208
1.9002197802197802
0.13135531135531134
2.3716483516483517
2.577142857142857
0.2336996336996337
1.4005860805860806
3.2403663003663
0.7679853479853479
0.6156776556776556
3.087252747252747
1.755164835164835
0.09025641025641025
2.6802930402930403
2.729450549450549
0.1829304029304029
1.4207326007326007
3.3
0.7317216117216117
0.5745787545787546
3.196043956043956
1.9783882783882785
0.0
2.437728937728938
2.8197069597069593
0.0
1.415091575091575
3.3
0.9565567765567765
0.4263003663003663
3.1138461538461537
2.1476190476190475
0.0
2.387765567765568
2.9317216117216116
0.19501831501831499
1.577069597069597
3.3
0.9613919413919413
0.44886446886446885
3.1219047619047617
1.9767765567765567
0.08139194139194138
2.5038095238095233
2.8148717948717947
0.3457142857142857
1.4868131868131869
3.2403663003663
0.8808058608058608
0.5874725274725274
3.0743589743589745
1.8510622710622708
0.12732600732600732
2.51025641025641
2.635164835164835
0.22886446886446885
1.4449084249084247
3.1646153846153844
0.8171428571428571
0.5737728937728938
2.9776556776556777
1.842197802197802
0.24256410256410255
2.349084249084249
2.718974358974359
0.14505494505494507
1.7293772893772892
3.0969230769230767
0.6704761904761904
0.4271062271062271
3.0679120879120876
1.9106959706959705
0.03304029304029304
2.6649816849816848
2.7649084249084246
0.1684249084249084
1.4940659340659341
3.3
0.7607326007326007
0.5133333333333333
3.2548717948717947
1.8615384615384616
0.0
2.584395604395604
2.639194139194139
0.08300366300366299
1.4497435897435897
3.3
0.8332600732600732
0.43113553113553116
3.3
1.967106227106227
0.0
2.1927472527472527
2.8575824175824174
0.10073260073260074
1.295018315018315
3.3
0.9372161172161171
0.4561172161172161
3.154139194139194
1.9646886446886447
0.045128205128205125
2.249157509157509
2.8994871794871795
0.2925274725274725
1.4666666666666666
3.258095238095238
0.9283516483516483
0.5157509157509158
3.067106227106227
1.8510622710622708
0.13216117216117215
2.4393406593406595
2.713333333333333
0.21516483516483514
1.5915750915750915
3.158168498168498
0.8703296703296703
0.6986813186813187
3.0936996336996336
1.8067399267399267
0.1241025641025641
2.536043956043956
2.6577289377289377
0.19904761904761903
1.7817582417582416
3.224249084249084
0.7808791208791208
0.6317948717948717
3.2774358974358972
1.938095238095238
0.05721611721611721
2.5158974358974358
2.7286446886446885
0.0684981684981685
1.5496703296703296
3.2734065934065932
0.5512087912087912
0.5649084249084249
3.2194139194139195
1.7873992673992674
0.0
2.42
2.7898901098901097
0.031428571428571424
1.3949450549450548
3.3
0.8856410256410256
0.48432234432234433
3.2298901098901096
1.8268864468864467
0.0
2.5384615384615383
2.8156776556776553
0.06527472527472528
1.5142124542124542
3.3
0.946080586080586
0.518974358974359
3.2774358974358972
1.9397069597069596
0.011282051282051281
2.4328937728937725
2.826153846153846
0.22725274725274722
1.302271062271062
3.3
0.8558241758241758
0.44080586080586076
3.045347985347985
1.967106227106227
0.09025641025641025
2.4715750915750916
2.689157509157509
0.2465934065934066
1.5263003663003663
3.1968498168498165
0.884029304029304
0.5141391941391942
3.025201465201465
1.6882783882783883
0.14586080586080585
2.4868864468864467
2.602124542124542
0.16197802197802197
1.6197802197802198
3.174285714285714
0.8340659340659341
0.7131868131868132
3.1227106227106227
1.863150183150183
0.14102564102564102
2.2846153846153845
2.589230769230769
0.03545787545787545
1.959047619047619
3.206520146520146
0.5141391941391942
0.614065934065934
3.1452747252747253
1.6512087912087912
0.05399267399267399
2.6714285714285713
2.844688644688645
0.04351648351648351
1.5399999999999998
3.2709890109890107
0.7325274725274725
0.6003663003663003
3.3
1.7454945054945052
0.0
2.4909157509157507
2.7810256410256406
0.0
1.5440293040293038
3.3
0.7115750915750915
0.5294505494505495
3.248424908424908
1.9268131868131866
0.0
2.5223443223443223
2.9961904761904763
0.05963369963369963
1.6544322344322344
3.3
0.9605860805860805
0.48029304029304026
3.124322344322344
1.8228571428571427
0.0008058608058608059
2.544102564102564
2.6174358974358976
0.14666666666666667
1.365128205128205
3.3
0.8969230769230768
0.5552380952380952
3.2194139194139195
1.7745054945054943
0.08783882783882783
2.501391941391941
2.7544322344322345
0.21919413919413916
1.4674725274725273
3.166227106227106
0.8372893772893772
0.5818315018315018
3.1138461538461537
1.7938461538461536
0.1232967032967033
2.4216117216117214
2.6416117216117216
0.18615384615384614
1.6093040293040293
3.1533333333333333
0.8252014652014652
0.7502564102564102
3.20007326007326
1.6931135531135528
0.1506959706959707
2.468351648351648
2.594065934065934
0.18534798534798536
1.4706959706959708
3.2387545787545786
0.713992673992674
0.6632234432234432
3.232307692307692
1.6915018315018315
0.0419047619047619
2.6456410256410257
2.631135531135531
0.03223443223443224
1.589157509157509
3.3
0.6736996336996336
0.6148717948717949
3.3
1.7793406593406593
0.0
2.56021978021978
2.673040293040293
0.0
1.2829304029304027
3.3
0.5802197802197803
0.6156776556776556
3.3
1.7865934065934064
0.00805860805860806
2.574725274725275
2.8068131868131867
0.11201465201465201
1.4529670329670328
3.269377289377289
0.7937728937728937
0.527032967032967
3.138827838827839
1.929230769230769
0.027399267399267395
2.548937728937729
2.689157509157509
0.01611721611721612
1.5367765567765566
3.241978021978022
0.942051282051282
0.5939194139194139
3.208131868131868
1.8268864468864467
0.12974358974358974
2.527179487179487
2.6279120879120876
0.1539194139194139
1.4207326007326007
3.1775091575091574
0.8163369963369963
0.7615384615384615
3.154945054945055
1.6641025641025642
0.02659340659340659
2.6601465201465198
2.5465201465201464
0.08139194139194138
1.6939194139194138
3.1315750915750913
0.5882783882783883
0.7462271062271062
3.3
1.7019780219780218
0.12893772893772895
2.477216117216117
2.5247619047619048
0.028205128205128206
1.7035897435897436
3.241978021978022
0.5971428571428571
0.6124542124542125
3.3
1.772087912087912
0.03626373626373627
2.65047619047619
2.635164835164835
0.01531135531135531
1.722124542124542
3.295164835164835
0.5544322344322344
0.6317948717948717
3.3
1.6544322344322344
0.0
2.291062271062271
2.83018315018315
0.004835164835164834
1.5319413919413918
3.3
0.6463003663003662
0.5584615384615385
3.2548717948717947
1.5754578754578754
0.029816849816849816
2.6665934065934063
2.7423443223443225
0.10476190476190476
1.581904761904762
3.3
0.7526739926739926
0.6712820512820512
3.1291575091575092
1.7873992673992674
0.1418315018315018
2.4328937728937725
2.792307692307692
0.21194139194139194
1.6753846153846153
3.17992673992674
0.8074725274725274
0.6898168498168498
3.0638827838827836
1.735018315018315
0.1772893772893773
2.5715018315018314
2.5126739926739927
0.1394139194139194
1.6721611721611722
3.1412454212454213
0.7857142857142857
0.7986080586080585
3.1775091575091574
1.5754578754578754
0.09750915750915749
2.6520879120879117
2.552161172161172
0.2369230769230769
1.6947252747252746
3.2226373626373626
0.6334065934065933
0.7494505494505495
3.3
1.6133333333333333
0.09347985347985346
2.44981684981685
2.6665934065934063
0.09831501831501831
1.7398534798534797
3.3
0.6358241758241758
0.630989010989011
3.0566300366300365
1.7003663003663003
0.014505494505494505
2.681098901098901
2.6867399267399263
0.051575091575091575
1.5553113553113553
3.3
0.7002930402930403
0.5882783882783883
3.232307692307692
1.8051282051282052
0.024175824175824177
2.484468864468864
2.723003663003663
0.08945054945054944
1.5802930402930402
