3.3
0.7196336996336995
1.1072527472527471
3.3
0.3529670329670329
1.7712820512820513
2.9156043956043955
0.03465201465201465
2.4183882783882784
2.711721611721612
0.047545787545787546
2.723003663003663
2.1532600732600735
0.14747252747252745
2.95025641025641
1.73018315018315
0.2909157509157509
3.2387545787545786
1.0935531135531134
0.7091575091575092
3.2387545787545786
0.6720879120879121
1.1838095238095239
3.2258608058608056
0.303003663003663
1.7293772893772892
2.59003663003663
0.09347985347985346
2.0992673992673994
2.5287912087912088
0.14586080586080585
2.6577289377289377
2.1492307692307695
0.17648351648351646
2.8156776556776553
1.7108424908424908
0.44967032967032966
3.1613919413919414
1.3079120879120878
0.7268864468864469
3.3
0.7373626373626374
1.1435164835164835
3.111428571428571
0.4472527472527473
1.7342124542124542
2.9744322344322343
0.1515018315018315
2.1452014652014655
2.6488644688644687
0.11443223443223442
2.5795604395604395
2.245934065934066
0.0
2.8873992673992674
1.8075457875457874
0.18857142857142856
3.158168498168498
1.2692307692307692
0.7196336996336995
3.2468131868131866
0.7542857142857142
1.0863003663003663
3.3
0.051575091575091575
1.5424175824175823
3.062271062271062
0.07978021978021978
2.1073260073260074
2.7608791208791206
0.0
2.721391941391941
2.2821978021978024
0.025787545787545788
2.992967032967033
1.7769230769230768
0.5133333333333333
3.2790476190476188
1.241025641025641
0.601978021978022
3.3
0.5778021978021978
1.0846886446886448
3.3
0.3658608058608058
1.7366300366300367
3.0904761904761906
0.0
2.24996336996337
2.61018315018315
0.0
2.734285714285714
2.1516483516483516
0.01611721611721612
2.9067399267399265
1.6068864468864468
0.2643223443223443
3.3
0.8042490842490841
0.7164102564102564
3.3
0.585054945054945
1.2345787545787545
3.2806593406593403
0.27238095238095233
1.722124542124542
2.9615384615384617
0.01531135531135531
2.3539194139194137
2.2878388278388275
0.02095238095238095
2.734285714285714
2.075897435897436
0.1257142857142857
2.8736996336996334
1.564175824175824
0.38036630036630037
3.2685714285714282
1.091135531135531
0.7558974358974359
3.258095238095238
0.5769963369963369
1.2386080586080586
3.1154578754578752
0.3473260073260073
1.8518681318681318
2.755238095238095
0.08783882783882783
2.327326007326007
2.585201465201465
0.11201465201465201
2.6456410256410257
2.0573626373626372
0.08783882783882783
3.133992673992674
1.5077655677655677
0.35780219780219774
3.1928205128205125
1.3884981684981683
0.8453479853479853
3.2113553113553115
0.7196336996336995
1.1942857142857142
3.0397069597069595
0.36424908424908425
1.6568498168498167
3.212161172161172
0.1241025641025641
2.0517216117216117
2.581172161172161
0.11684981684981685
2.562637362637363
2.1452014652014655
0.13216117216117215
2.954285714285714
1.6963369963369963
0.3843956043956044
3.216190476190476
1.1322344322344322
0.7567032967032966
3.296776556776557
0.4295238095238095
1.1346520146520145
3.0896703296703296
0.25465201465201465
1.6818315018315018
3.038901098901099
0.028205128205128206
2.174212454212454
2.703663003663004
0.006446886446886447
2.768131868131868
2.1508424908424906
0.14827838827838827
3.026007326007326
1.7285714285714286
0.4142124542124542
3.2629304029304027
1.0049084249084248
0.8453479853479853
3.3
0.630989010989011
1.1564102564102565
3.3
0.38036630036630037
1.6858608058608058
2.795531135531135
0.0
2.1145787545787544
2.548937728937729
0.0
2.697216117216117
2.1427838827838825
0.0
3.1347985347985348
1.5577289377289376
0.40131868131868126
3.3
1.1048351648351649
0.801025641025641
3.3
0.45450549450549443
1.4126739926739926
3.2403663003663
0.1934065934065934
1.8325274725274725
2.9663736263736262
0.0
2.3039560439560436
2.456263736263736
0.0
2.725421245421245
2.0428571428571427
0.16117216117216118
3.0646886446886445
1.4513553113553113
0.3328205128205128
3.296776556776557
1.0492307692307692
0.7325274725274725
3.2685714285714282
0.3876190476190476
1.3691575091575092
3.1307692307692307
0.2345054945054945
1.8510622710622708
3.062271062271062
0.10395604395604395
2.402271062271062
2.415970695970696
0.008864468864468863
2.787472527472527
2.0299633699633697
0.2675457875457875
3.085641025641025
1.4739194139194138
0.5697435897435897
3.183150183150183
0.9202930402930403
0.7357509157509157
3.2186080586080585
0.5560439560439561
1.3336996336996336
3.128351648351648
0.19985347985347984
1.8196336996336995
2.6996336996337
0.05399267399267399
2.2024175824175822
2.339413919413919
0.08622710622710622
2.7125274725274724
1.9767765567765567
0.2336996336996337
3.3
1.5738461538461537
0.5858608058608058
3.1807326007326004
1.2474725274725273
0.8292307692307692
3.2613186813186807
0.6237362637362637
1.2708424908424907
3.1573626373626373
0.30542124542124544
1.7463003663003662
2.948644688644688
0.0838095238095238
2.274945054945055
2.501391941391941
0.040293040293040296
2.597289377289377
2.0750915750915753
0.06769230769230769
3.0187545787545784
1.5915750915750915
0.44
3.138827838827839
1.1789743589743589
0.7123809523809523
3.3
0.6003663003663003
1.2789010989010987
3.1605860805860804
0.3134798534798534
1.7454945054945052
3.138827838827839
0.09831501831501831
2.1726007326007326
2.632747252747252
0.0
2.718974358974359
2.0678388278388278
0.017728937728937726
3.138021978021978
1.58996336996337
0.5133333333333333
3.3
1.0250549450549449
0.7816849816849817
3.3
0.44886446886446885
1.2539194139194136
3.1928205128205125
0.09509157509157509
1.8349450549450548
3.0767765567765566
0.0
2.3378021978021977
2.5553846153846154
0.0
2.727838827838828
1.8147985347985347
0.0
3.2258608058608056
1.4102564102564104
0.7325274725274725
3.2548717948717947
0.9243223443223443
0.7164102564102564
3.3
0.5923076923076923
1.4030036630036629
3.2734065934065932
0.20146520146520147
1.892161172161172
2.843076923076923
0.0
2.6480586080586077
2.3039560439560436
0.021758241758241755
2.839047619047619
1.9719413919413917
0.1829304029304029
3.1017582417582417
1.349010989010989
0.5286446886446886
3.248424908424908
0.7824908424908424
1.1
3.3
0.37875457875457874
1.4005860805860806
3.1444688644688643
0.41743589743589743
1.9106959706959705
2.813260073260073
0.06205128205128205
2.3184615384615386
2.37970695970696
0.11120879120879121
2.791501831501831
1.8075457875457874
0.19743589743589743
3.1122344322344317
1.3917216117216116
0.5076923076923077
3.2057142857142855
0.8824175824175824
0.9444688644688645
3.2427838827838826
0.527032967032967
1.4247619047619047
3.1259340659340658
0.25465201465201465
1.876043956043956
2.839047619047619
0.08461538461538462
2.2741391941391944
2.328937728937729
0.11443223443223442
2.739120879120879
1.9687179487179487
0.2925274725274725
2.987326007326007
1.494871794871795
0.5068864468864468
3.1646153846153844
0.8517948717948718
1.349010989010989
3.2339194139194136
0.6567765567765568
1.315164835164835
3.079194139194139
0.21355311355311354
1.822051282051282
3.1017582417582417
0.07736263736263735
2.2644688644688644
2.46996336996337
0.05802197802197802
2.9357509157509156
2.1492307692307695
0.14827838827838827
3.2709890109890107
1.4980952380952381
0.38117216117216113
3.269377289377289
1.0717948717948718
0.863076923076923
3.3
0.531062271062271
1.311135531135531
3.2597069597069597
0.19260073260073257
1.8333333333333333
2.8454945054945053
0.08703296703296702
2.295091575091575
2.51025641025641
0.0
2.697216117216117
2.023516483516483
0.11282051282051282
3.2597069597069597
1.5061538461538462
0.3384615384615385
3.3
0.9509157509157509
0.7357509157509157
3.3
0.3505494505494505
1.2063736263736262
3.2371428571428567
0.12893772893772895
1.909084249084249
3.0646886446886445
0.07575091575091575
2.415970695970696
2.348278388278388
0.0
3.077582417582417
1.9364835164835164
0.11604395604395604
3.174285714285714
1.3812454212454213
0.298974358974359
3.3
0.7454212454212454
0.8727472527472526
3.3
0.29736263736263735
1.4368498168498167
3.3
0.0
1.9799999999999998
2.8358241758241753
0.0
2.4909157509157507
2.41032967032967
0.0
2.9389743589743587
1.913113553113553
0.19663003663003661
3.1347985347985348
1.382051282051282
0.6189010989010988
3.283076923076923
0.9565567765567765
0.992014652014652
3.2758241758241757
0.36344322344322344
1.5472527472527473
2.984102564102564
0.09750915750915749
2.0243223443223446
2.6867399267399263
0.29010989010989013
2.437728937728938
2.374065934065934
0.10798534798534798
2.761684981684981
1.8494505494505495
0.23208791208791207
3.0703296703296705
1.3554578754578752
0.6962637362637362
3.3
0.8679120879120878
0.9638095238095238
3.1936263736263735
0.5213919413919413
1.3433699633699632
3.077582417582417
0.2876923076923077
1.9147252747252745
2.7778021978021976
0.14424908424908423
2.4111355311355314
2.37970695970696
0.12249084249084248
2.784249084249084
1.5738461538461537
0.2594871794871795
3.05018315018315
1.4553846153846153
0.46014652014652013
3.2355311355311356
0.9646153846153845
1.0315018315018316
3.2403663003663
0.5093040293040293
1.4457142857142857
3.099340659340659
0.38117216117216113
1.9227838827838826
2.916410256410256
0.05963369963369963
2.37970695970696
2.581172161172161
0.0
2.913186813186813
1.8647619047619046
0.1684249084249084
3.1807326007326004
1.4706959706959708
0.502051282051282
3.3
0.859047619047619
0.9807326007326007
3.3
0.46417582417582415
1.282124542124542
3.232307692307692
0.14586080586080585
1.9526007326007324
2.7979487179487177
0.0
2.4610989010989006
2.4909157509157507
0.0
2.9534798534798536
1.9106959706959705
0.1232967032967033
3.167838827838828
1.298241758241758
0.4706227106227106
3.3
0.784102564102564
0.917069597069597
3.2903296703296703
0.42468864468864465
1.361904761904762
3.0598534798534796
0.08864468864468865
2.009010989010989
2.856776556776557
0.009670329670329669
2.582783882783883
2.0525274725274727
0.0
2.9679853479853477
1.8679853479853479
0.24578754578754577
3.0485714285714285
1.2015384615384617
0.365054945054945
3.3
0.7534798534798535
1.0065201465201465
3.2838827838827838
0.2610989010989011
1.5561172161172159
3.1154578754578752
0.1708424908424908
2.037216117216117
2.7423443223443225
0.016923076923076923
2.6359706959706957
2.639194139194139
0.06769230769230769
2.9397802197802196
1.7616117216117215
0.28849816849816845
2.928498168498168
1.2885714285714285
0.88
3.1613919413919414
0.8171428571428571
1.1725274725274726
3.1396336996336993
0.6052014652014651
1.6036630036630037
2.995384615384615
0.14424908424908423
2.0307692307692307
2.632747252747252
0.027399267399267395
2.5126739926739927
2.2362637362637363
0.23853479853479853
2.8285714285714287
1.9227838827838826
0.3594139194139194
3.1315750915750913
1.2829304029304027
0.6342124542124542
3.283076923076923
0.8485714285714285
0.7470329670329671
3.1291575091575092
0.49238095238095236
1.468278388278388
3.0808058608058606
0.19663003663003661
2.0178754578754576
2.705274725274725
0.5504029304029304
2.394212454212454
2.245934065934066
0.08864468864468865
2.9631501831501827
1.7882051282051281
0.24256410256410255
3.3
1.3465934065934064
0.48432234432234433
3.0679120879120876
0.8663003663003663
1.0556776556776557
3.2403663003663
0.5028571428571428
1.431208791208791
3.1227106227106227
0.10315018315018315
1.9727472527472527
2.8003663003663
0.0
2.465128205128205
2.2604395604395604
0.03948717948717948
2.7745787545787546
1.9203663003663003
0.18695970695970693
3.0808058608058606
1.4030036630036629
0.5616849816849817
3.3
0.7744322344322344
0.9992673992673993
3.3
0.4126007326007326
1.3667399267399265
3.167838827838828
0.028205128205128206
2.083956043956044
2.703663003663004
0.08058608058608059
2.5956776556776555
2.1653479853479856
0.0
3.038901098901099
1.8002930402930402
0.18695970695970693
3.1484981684981683
1.1749450549450549
0.5568498168498168
3.1291575091575092
0.7002930402930403
1.0532600732600732
3.241978021978022
0.24578754578754577
1.697142857142857
3.0904761904761906
0.012893772893772894
2.1226373626373625
2.7423443223443225
0.0
2.634358974358974
2.1975824175824177
0.025787545787545788
3.077582417582417
1.6818315018315018
0.3038095238095238
3.2556776556776557
1.1902564102564102
0.8824175824175824
3.258095238095238
0.676923076923077
1.2756776556776557
3.1356043956043953
0.3892307692307692
1.5875457875457875
2.996996336996337
0.045128205128205125
2.307179487179487
2.643223443223443
0.0
2.6617582417582417
2.166153846153846
0.1241025641025641
2.954285714285714
1.7019780219780218
0.35538461538461535
3.1476923076923073
1.1136996336996337
0.7083516483516483
3.2476190476190476
0.7123809523809523
1.3554578754578752
3.206520146520146
0.37956043956043956
1.5585347985347986
2.948644688644688
0.2514285714285714
2.0976556776556774
2.5553846153846154
0.1345787545787546
2.5457142857142854
2.1645421245421246
0.10073260073260074
2.9704029304029302
1.772087912087912
0.37391941391941386
3.2355311355311356
1.24021978021978
0.6253479853479853
3.2355311355311356
0.8034432234432234
1.1314285714285715
3.158168498168498
0.5157509157509158
1.5536996336996336
3.00989010989011
0.07978021978021978
2.1016849816849814
2.61018315018315
0.07897435897435896
2.532820512820513
2.2781684981684984
0.06285714285714285
2.9027106227106225
1.880879120879121
0.2715750915750916
2.862417582417582
1.245054945054945
0.6293772893772893
3.206520146520146
0.7978021978021979
0.8042490842490841
3.2790476190476188
0.3384615384615385
1.494871794871795
3.0840293040293036
0.11926739926739927
2.088791208791209
2.721391941391941
0.0
2.581172161172161
2.632747252747252
0.08300366300366299
3.1356043956043953
1.7624175824175823
0.19904761904761903
3.3
1.1161172161172161
0.5955311355311355
3.3
0.6865934065934066
1.378021978021978
3.2129670329670326
0.33201465201465197
1.93003663003663
3.1275457875457873
0.0032234432234432234
2.137948717948718
2.703663003663004
0.0
2.65047619047619
2.194358974358974
0.0
3.0026373626373624
1.7148717948717949
0.2715750915750916
3.3
1.17010989010989
0.7067399267399267
3.2895238095238093
0.6253479853479853
1.2579487179487179
3.2218315018315016
0.361025641025641
1.7027838827838826
2.988937728937729
0.0
2.237875457875458
2.619047619047619
0.05238095238095238
2.6907692307692304
2.1065201465201464
0.32395604395604394
3.045347985347985
1.5287179487179485
0.4005128205128205
3.2129670329670326
1.1427106227106225
0.8018315018315019
3.212161172161172
0.6277655677655677
1.0548717948717947
3.113040293040293
0.39164835164835166
1.6487912087912087
2.9027106227106225
0.14424908424908423
2.323296703296703
2.578754578754579
0.0419047619047619
2.60051282051282
2.000952380952381
0.2651282051282051
2.9591208791208787
1.6753846153846153
0.43274725274725273
3.3
1.1298168498168497
0.734139194139194
3.3
0.7405860805860806
1.1668864468864468
3.2145787545787545
0.2530402930402931
1.735018315018315
2.9059340659340656
0.0
2.1556776556776556
2.5376556776556773
0.2482051282051282
2.593260073260073
2.004175824175824
0.13538461538461538
2.9704029304029302
1.2668131868131867
0.37150183150183147
3.125128205128205
1.1886446886446886
0.7373626373626374
3.167032967032967
0.7115750915750915
0.971062271062271
3.3
0.4738461538461538
1.6399267399267399
2.9607326007326003
0.18776556776556777
2.281391941391941
2.4586813186813186
0.0
2.5618315018315014
2.1734065934065936
0.10717948717948718
3.0147252747252744
1.6657142857142855
0.2893040293040293
3.166227106227106
1.2136263736263737
0.7043223443223443
3.2903296703296703
0.6334065934065933
1.0298901098901099
3.2435897435897436
0.40937728937728934
1.635091575091575
2.9550915750915747
0.04593406593406593
2.2193406593406593
2.6843223443223443
0.0
2.701245421245421
2.2201465201465203
0.05318681318681318
3.1194871794871792
1.6044688644688643
0.3255677655677655
3.3
1.1370695970695972
0.6753113553113552
3.3
0.61003663003663
1.2257142857142858
3.3
0.21274725274725273
1.7003663003663003
3.0026373626373624
0.0
2.1814652014652016
2.581172161172161
0.0
2.7504029304029305
2.12021978021978
0.0
3.1267399267399267
1.7978754578754577
0.3432967032967033
3.3
1.0306959706959706
0.7421978021978022
3.3
0.5383150183150184
1.302271062271062
3.262124542124542
0.19098901098901097
1.7342124542124542
2.928498168498168
0.0
2.316849816849817
2.5255677655677653
0.03304029304029304
2.71010989010989
2.0710622710622713
0.2328937728937729
3.0920879120879117
1.4062271062271061
0.4222710622710622
3.2709890109890107
0.9952380952380953
0.8147252747252747
3.1807326007326004
0.606007326007326
1.1886446886446886
3.174285714285714
0.31186813186813184
1.8736263736263736
2.8575824175824174
0.0
2.0589743589743588
2.46996336996337
0.06043956043956044
2.685934065934066
1.921978021978022
0.14666666666666667
3.003443223443223
1.5706227106227106
0.4391941391941392
3.154139194139194
1.1064468864468864
0.8372893772893772
3.1452747252747253
0.6583882783882784
1.2853479853479854
3.0936996336996336
0.36827838827838827
1.8252747252747252
2.860805860805861
0.05479853479853479
2.207252747252747
2.5054212454212452
0.26029304029304023
2.606959706959707
2.121831501831502
0.07897435897435896
2.9647619047619047
1.4368498168498167
0.4351648351648352
3.1517216117216114
1.2764835164835164
0.7760439560439559
3.3
0.6857875457875457
1.3361172161172161
3.3
0.25545787545787546
1.6254212454212453
3.0840293040293036
0.024175824175824177
2.323296703296703
2.6134065934065935
0.0
2.722197802197802
2.10007326007326
0.0
3.1227106227106227
1.6528205128205127
0.2957509157509157
3.3
1.1934798534798534
0.7276923076923076
3.3
0.3884249084249084
1.228937728937729
3.3
0.1708424908424908
1.7753113553113553
2.8616117216117214
0.0
2.3087912087912086
2.577142857142857
0.0
2.6762637362637363
1.9558241758241757
0.37391941391941386
3.1968498168498165
1.4263736263736264
0.30864468864468864
3.0002197802197803
0.913040293040293
0.7752380952380952
3.3
0.5238095238095238
1.419120879120879
3.1895970695970695
0.17406593406593404
1.8937728937728937
2.8696703296703294
0.02095238095238095
2.4175824175824174
2.4715750915750916
0.0
2.884175824175824
1.9074725274725273
0.09750915750915749
3.154139194139194
1.3377289377289376
0.48029304029304026
3.27018315018315
0.8082783882783882
0.9194871794871794
3.2645421245421242
0.6092307692307691
1.3506227106227104
3.1476923076923073
0.22483516483516483
2.082344322344322
2.7987545787545787
0.14908424908424908
2.3257142857142856
2.4328937728937725
0.0
2.725421245421245
1.8615384615384616
0.23611721611721612
3.0485714285714285
1.5883516483516482
0.5052747252747253
3.1895970695970695
0.9235164835164834
0.8566300366300366
3.3
0.5093040293040293
1.3328937728937729
3.0195604395604394
0.2949450549450549
1.747106227106227
2.851941391941392
0.3175091575091575
2.133919413919414
2.5038095238095233
0.11201465201465201
2.60051282051282
2.07025641025641
0.14827838827838827
3.1065934065934067
1.6238095238095238
0.4520879120879121
3.2258608058608056
1.0274725274725274
0.7558974358974359
3.3
0.5125274725274724
1.1604395604395605
3.3
0.1668131868131868
1.8139926739926737
2.948644688644688
0.0
2.4135531135531134
2.5376556776556773
0.0
2.743956043956044
1.9856410256410255
0.07413919413919413
3.1565567765567764
1.4255677655677654
0.37956043956043956
3.3
0.8574358974358974
0.8284249084249083
3.3
0.4851282051282051
1.4376556776556777
3.3
0.13216117216117215
1.9864468864468865
2.9035164835164835
0.0
2.395824175824176
2.437728937728938
0.0
2.847106227106227
1.929230769230769
0.10315018315018315
3.2057142857142855
1.432014652014652
0.5133333333333333
3.2629304029304027
0.8936996336996337
0.9501098901098901
3.291941391941392
0.4126007326007326
1.3216117216117216
3.142051282051282
0.1813186813186813
1.9493772893772894
2.851941391941392
0.0
2.445787545787546
2.349084249084249
0.33926739926739924
2.714139194139194
1.8712087912087911
0.2482051282051282
3.061465201465201
1.4368498168498167
0.5528205128205127
3.1775091575091574
1.0967765567765568
0.9565567765567765
3.174285714285714
0.552014652014652
1.3562637362637362
3.0356776556776555
0.273992673992674
1.593992673992674
2.5586080586080584
0.0
2.2564102564102564
2.4191941391941394
0.04351648351648351
2.757655677655677
1.9445421245421244
0.0709157509157509
3.0405128205128205
1.5778754578754577
0.4617582417582417
3.1646153846153844
1.0250549450549449
0.8413186813186813
3.287106227106227
0.48029304029304026
1.3747985347985345
3.142051282051282
0.2063003663003663
1.5319413919413918
2.9115750915750915
0.03706959706959707
2.3458608058608057
2.445787545787546
0.024175824175824177
2.697216117216117
1.975164835164835
0.24578754578754577
3.1452747252747253
1.4505494505494505
0.4126007326007326
3.3
0.9162637362637363
0.8453479853479853
3.3
0.46417582417582415
1.4852014652014651
3.183150183150183
0.14747252747252745
2.000952380952381
2.90029304029304
0.0
2.65047619047619
2.3805128205128203
0.0
2.830989010989011
1.8647619047619046
0.16600732600732598
3.2774358974358972
1.3691575091575092
0.41340659340659336
