0.1668131868131868
3.2113553113553115
0.07333333333333333
3.3
0.01611721611721612
3.3
0.12893772893772895
3.142051282051282
0.10959706959706958
3.3
0.002417582417582417
3.3
0.12732600732600732
3.2548717948717947
0.24336996336996336
3.3
0.0
3.2452014652014647
0.0008058608058608059
3.171062271062271
0.0
3.232307692307692
0.0
3.3
0.19018315018315018
3.2838827838827838
0.1241025641025641
3.138021978021978
0.0967032967032967
3.2194139194139195
0.0
3.3
0.0
3.183956043956044
0.10153846153846152
3.3
0.0
3.3
0.027399267399267395
3.1952380952380954
0.04673992673992673
3.2347252747252746
0.12893772893772895
3.3
0.0
3.146886446886447
0.11765567765567765
3.2669597069597067
0.0967032967032967
3.3
0.0
3.3
0.14586080586080585
3.2806593406593403
0.19904761904761903
3.3
0.0
3.3
0.10959706959706958
3.1968498168498165
0.0
3.2613186813186807
0.0
3.3
0.019340659340659337
3.3
0.10798534798534798
2.8833699633699634
0.13377289377289375
3.1952380952380954
0.0
3.295970695970696
0.03062271062271062
3.21054945054945
0.10637362637362636
3.3
0.0
3.3
0.0
3.1098168498168497
0.4593406593406593
3.2709890109890107
0.06124542124542124
3.232307692307692
0.051575091575091575
3.3
0.11926739926739927
2.9671794871794868
0.14989010989010987
3.3
0.033846153846153845
3.3
0.15714285714285714
3.163003663003663
0.08300366300366299
3.2838827838827838
0.0
3.3
0.1772893772893773
3.187179487179487
0.018534798534798533
3.2709890109890107
0.0
3.296776556776557
0.0032234432234432234
3.2806593406593403
0.11846153846153845
3.3
0.0
3.3
0.009670329670329669
3.3
0.0
3.3
0.1257142857142857
3.3
0.0
3.2548717948717947
0.0419047619047619
3.2468131868131866
0.0
3.2903296703296703
0.0
3.3
0.0
3.2452014652014647
0.12732600732600732
3.295164835164835
0.0427106227106227
3.3
0.0
3.3
0.32798534798534795
3.2129670329670326
0.16117216117216118
3.3
0.0
3.2782417582417582
0.11443223443223442
3.274212454212454
0.19582417582417583
3.3
0.0
3.3
0.0
3.2863003663003663
0.03304029304029304
3.3
0.03062271062271062
3.2452014652014647
0.0
3.2903296703296703
0.12893772893772895
3.256483516483516
0.012893772893772894
3.3
0.0
3.163003663003663
0.07816849816849816
3.2387545787545786
0.0
3.3
0.027399267399267395
3.3
0.0
3.2854945054945053
0.12652014652014654
3.2766300366300363
0.0
3.3
0.03626373626373627
3.2178021978021976
0.11604395604395604
3.1976556776556775
0.1394139194139194
3.3
0.0
3.3
0.0
3.2250549450549446
0.2675457875457875
3.3
0.07816849816849816
3.167838827838828
0.10395604395604395
3.1291575091575092
0.05238095238095238
3.3
0.0
3.3
0.0
3.2452014652014647
0.20871794871794871
3.2645421245421242
0.0
3.2685714285714282
0.0
3.3
0.0
3.2685714285714282
0.00805860805860806
3.3
0.0
3.3
0.028205128205128206
3.2452014652014647
0.09589743589743589
3.3
0.004835164835164834
3.3
0.0
3.2371428571428567
0.0709157509157509
3.2597069597069597
0.0
3.3
0.0
3.3
0.04351648351648351
3.2129670329670326
0.1394139194139194
3.3
0.14102564102564102
3.3
0.13296703296703297
3.237948717948718
0.03626373626373627
3.1613919413919414
0.0
3.3
0.00805860805860806
3.202490842490842
0.0
3.3
0.0
3.3
0.0
3.2726007326007323
0.0
3.1219047619047617
0.055604395604395604
3.3
0.0
3.3
0.06124542124542124
3.2548717948717947
0.055604395604395604
3.3
0.0
3.3
0.0
3.237948717948718
0.0
3.1887912087912085
0.0
3.3
0.0
3.3
0.03626373626373627
3.3
0.0967032967032967
3.3
0.0
3.3
0.10637362637362636
3.20007326007326
0.07736263736263735
3.3
0.0
3.3
0.0
3.258095238095238
0.0
3.3
0.0
3.1356043956043953
0.0
3.1452747252747253
0.18373626373626373
3.2935531135531133
0.0
3.3
0.0
3.206520146520146
0.010476190476190476
3.2452014652014647
0.016923076923076923
3.001831501831502
0.0
3.3
0.0016117216117216117
3.2355311355311356
0.0
3.1525274725274723
0.0
3.3
0.0
3.2339194139194136
0.03465201465201465
3.3
0.0
3.3
0.006446886446886447
3.2637362637362637
0.09509157509157509
3.2387545787545786
0.028205128205128206
3.256483516483516
0.0
3.3
0.22644688644688643
3.206520146520146
0.06446886446886448
3.3
0.0
3.3
0.033846153846153845
3.3
0.07736263736263735
3.1895970695970695
0.0
3.291941391941392
0.0
3.3
0.1547252747252747
3.2532600732600727
0.03626373626373627
3.3
0.0
3.3
0.028205128205128206
3.2637362637362637
0.0
3.1936263736263735
0.0
3.3
0.0
3.3
0.10395604395604395
3.1775091575091574
0.07816849816849816
3.3
0.14989010989010987
3.3
0.07413919413919413
3.2145787545787545
0.09267399267399268
3.3
0.0
3.3
0.0008058608058608059
3.2548717948717947
0.07413919413919413
3.2709890109890107
0.0
3.3
0.010476190476190476
3.2903296703296703
0.05318681318681318
3.174285714285714
0.0
3.3
0.0
3.2597069597069597
0.1402197802197802
3.2903296703296703
0.0
3.3
0.0
3.3
0.05963369963369963
3.2057142857142855
0.2345054945054945
3.1533333333333333
0.0
3.3
0.06124542124542124
3.3
0.09912087912087912
3.258095238095238
0.0
3.3
0.0
3.3
0.018534798534798533
3.3
0.10556776556776555
3.3
0.136996336996337
3.3
0.0
3.256483516483516
0.0709157509157509
3.3
0.0
3.3
0.0
3.183150183150183
0.1418315018315018
3.3
0.0
3.3
0.0
3.3
0.11282051282051282
3.0316483516483514
0.0
3.3
0.04835164835164835
3.3
0.0
3.2774358974358972
0.3021978021978022
3.3
0.0
3.1098168498168497
0.045128205128205125
3.283076923076923
0.21032967032967032
3.3
0.0
3.3
0.023369963369963366
3.3
0.14344322344322344
3.3
0.0
3.3
0.0
3.256483516483516
0.4682051282051282
3.2838827838827838
0.010476190476190476
3.3
0.0
3.3
0.10476190476190476
3.258095238095238
0.07897435897435896
3.3
0.0
3.3
0.0693040293040293
3.2016849816849815
0.045128205128205125
3.3
0.0
3.3
0.041098901098901096
3.21054945054945
0.10315018315018315
3.2709890109890107
0.0
3.2637362637362637
0.0
3.1928205128205125
0.07575091575091575
3.228278388278388
0.0
3.3
0.0
3.3
0.13377289377289375
3.2476190476190476
0.03626373626373627
3.2734065934065932
0.0
3.2629304029304027
0.07252747252747253
3.258095238095238
0.07816849816849816
3.3
0.0
3.3
0.0
3.113040293040293
0.045128205128205125
3.0759706959706956
0.0
3.3
0.0
3.2613186813186807
0.09428571428571428
3.1734798534798534
0.06285714285714285
3.3
0.0
3.192014652014652
0.19904761904761903
3.2371428571428567
0.0
3.3
0.0
3.3
0.0
3.3
0.12007326007326007
3.2798534798534797
0.0
3.266153846153846
0.06285714285714285
3.19040293040293
0.12732600732600732
3.3
0.0
3.3
0.028205128205128206
3.3
0.0
3.2516483516483516
0.0
3.3
0.06043956043956044
3.3
0.09589743589743589
3.2452014652014647
0.08703296703296702
3.3
0.0
3.3
0.08703296703296702
3.171062271062271
0.4972161172161172
3.3
0.0
3.3
0.025787545787545788
3.2129670329670326
0.025787545787545788
3.2669597069597067
0.06608058608058608
3.2758241758241757
0.0419047619047619
3.175897435897436
0.02095238095238095
3.1775091575091574
0.0
3.248424908424908
0.03626373626373627
3.2452014652014647
0.303003663003663
3.254065934065934
0.08864468864468865
3.3
0.0
3.3
0.07494505494505493
3.206520146520146
0.12249084249084248
3.3
0.0
3.3
0.0
3.05018315018315
0.12007326007326007
3.3
0.0
3.3
0.0
3.2709890109890107
0.0
3.2411721611721607
0.0419047619047619
3.3
0.0
3.3
0.1635897435897436
3.1613919413919414
0.08783882783882783
3.296776556776557
0.0
3.3
0.44967032967032966
3.103369963369963
0.10395604395604395
3.3
0.0
3.3
0.32879120879120877
3.2258608058608056
0.13216117216117215
3.2572893772893767
0.0
3.3
0.0
3.3
0.09347985347985346
3.146886446886447
0.11765567765567765
3.3
0.041098901098901096
3.3
0.1418315018315018
3.2186080586080585
0.09267399267399268
3.212161172161172
0.0
3.3
0.04593406593406593
3.2613186813186807
0.09106227106227106
3.2355311355311356
0.0
3.3
0.0
3.3
0.06285714285714285
3.3
0.10073260073260074
3.3
0.0
3.2887179487179488
0.0
3.1372161172161173
0.11846153846153845
3.296776556776557
0.0
3.3
0.02901098901098901
3.1767032967032964
0.1845421245421245
3.2645421245421242
0.0
3.3
0.0
3.3
0.1241025641025641
3.2838827838827838
0.0
3.3
0.0
3.3
0.0967032967032967
3.196043956043956
0.1104029304029304
3.2669597069597067
0.0
3.3
0.0
3.1936263736263735
0.05076923076923076
3.228278388278388
0.011282051282051281
3.3
0.0
3.1767032967032964
0.2208058608058608
3.2734065934065932
0.0
3.3
0.0
3.3
0.24739926739926738
3.0663003663003665
0.07413919413919413
3.3
0.0
3.166227106227106
0.07655677655677656
3.2532600732600727
0.07897435897435896
3.3
0.0
3.3
0.0
3.2677655677655677
0.2336996336996337
3.237948717948718
0.0
3.3
0.0
3.3
0.0
3.174285714285714
0.07333333333333333
3.3
0.0
3.299194139194139
0.09025641025641025
3.2532600732600727
0.13216117216117215
3.2669597069597067
0.010476190476190476
3.3
0.02095238095238095
3.2194139194139195
0.047545787545787546
3.187179487179487
0.0
3.3
0.0
3.1807326007326004
0.0008058608058608059
3.3
0.06124542124542124
3.3
0.0
3.287106227106227
0.15311355311355312
3.167838827838828
0.017728937728937726
3.3
0.08703296703296702
3.3
0.13296703296703297
3.3
0.055604395604395604
3.3
0.0
3.3
0.09992673992673992
3.2306959706959706
0.1506959706959707
3.3
0.0
3.3
0.0
3.183150183150183
0.14263736263736265
3.2597069597069597
0.10717948717948718
3.3
0.06769230769230769
3.232307692307692
0.10637362637362636
3.2153846153846155
0.08783882783882783
3.3
0.0
3.3
0.0419047619047619
3.2186080586080585
0.07655677655677656
3.232307692307692
0.016923076923076923
3.3
0.12652014652014654
3.2145787545787545
0.14666666666666667
3.1895970695970695
0.0
3.3
0.0
3.2556776556776557
0.18373626373626373
2.886593406593406
0.04351648351648351
3.232307692307692
0.04593406593406593
3.291941391941392
0.2063003663003663
3.1090109890109887
0.14827838827838827
3.3
0.0
3.3
0.11120879120879121
3.0799999999999996
0.10315018315018315
3.3
0.019340659340659337
3.295164835164835
0.027399267399267395
3.3
0.14586080586080585
3.232307692307692
0.041098901098901096
3.3
0.06688644688644688
3.2089377289377286
0.20307692307692304
3.212161172161172
0.03948717948717948
3.3
0.0
3.3
0.14263736263736265
3.3
0.14263736263736265
3.296776556776557
0.0
3.248424908424908
0.025787545787545788
3.1807326007326004
0.11443223443223442
3.232307692307692
0.0
3.2387545787545786
0.11120879120879121
3.1694505494505494
0.14827838827838827
3.2210256410256406
0.0
3.3
0.0
3.3
0.03062271062271062
3.0606593406593405
0.027399267399267395
3.3
0.07816849816849816
3.1992673992673994
0.07655677655677656
3.041318681318681
0.07172161172161172
3.3
0.0
3.2806593406593403
0.2111355311355311
3.1968498168498165
0.2208058608058608
3.3
0.051575091575091575
3.183150183150183
0.09106227106227106
3.2234432234432235
0.1539194139194139
3.2645421245421242
0.19018315018315018
3.3
0.0
3.121098901098901
0.02901098901098901
3.2669597069597067
0.04996336996336996
3.2089377289377286
0.15553113553113554
3.258095238095238
0.08300366300366299
3.1807326007326004
0.08783882783882783
3.3
0.0
3.248424908424908
0.15794871794871793
3.2677655677655677
0.06527472527472528
3.2927472527472528
0.0
3.2532600732600727
0.009670329670329669
3.224249084249084
0.1547252747252747
3.1928205128205125
0.0
3.2854945054945053
0.0
3.2677655677655677
0.29010989010989013
3.20007326007326
0.11604395604395604
3.291941391941392
0.0
3.3
0.16923076923076924
3.0904761904761906
0.06608058608058608
3.2838827838827838
0.0
3.2347252747252746
0.0
3.1767032967032964
0.14989010989010987
3.3
0.006446886446886447
3.3
0.18695970695970693
3.150915750915751
0.19985347985347984
3.206520146520146
0.03062271062271062
3.182344322344322
0.09025641025641025
3.071135531135531
0.17487179487179486
3.202490842490842
0.025787545787545788
3.1082051282051277
0.041098901098901096
3.192014652014652
0.6277655677655677
3.138021978021978
0.13054945054945055
3.0936996336996336
0.02095238095238095
3.248424908424908
0.08058608058608059
3.1936263736263735
0.05802197802197802
3.3
0.0
3.2613186813186807
0.08703296703296702
2.8994871794871795
0.16600732600732598
3.258095238095238
0.0
3.296776556776557
0.01611721611721612
3.1573626373626373
0.07413919413919413
3.2032967032967035
0.08945054945054944
3.3
0.023369963369963366
3.183956043956044
0.14989010989010987
3.2153846153846155
0.25465201465201465
3.2774358974358972
0.05238095238095238
3.2645421245421242
0.32879120879120877
3.2709890109890107
0.1394139194139194
3.202490842490842
0.0
3.3
0.18373626373626373
3.1573626373626373
0.0
3.2290842490842486
0.0
3.3
0.0709157509157509
3.158168498168498
0.1772893772893773
3.0679120879120876
0.045128205128205125
3.2774358974358972
0.09509157509157509
3.2032967032967035
0.08219780219780219
3.0969230769230767
0.10959706959706958
3.3
0.19179487179487179
3.2250549450549446
0.09509157509157509
3.133992673992674
0.08461538461538462
3.254065934065934
0.025787545787545788
3.296776556776557
0.12249084249084248
3.1275457875457873
0.17245421245421244
3.20007326007326
0.0
3.2806593406593403
0.19985347985347984
3.1162637362637358
0.2651282051282051
3.133992673992674
0.051575091575091575
3.3
0.031428571428571424
3.1138461538461537
0.024175824175824177
3.1315750915750913
0.09992673992673992
3.2548717948717947
0.13377289377289375
3.085641025641025
0.29736263736263735
3.3
0.11362637362637361
3.3
0.049157509157509154
3.2516483516483516
0.18776556776556777
2.8753113553113554
0.19018315018315018
3.0880586080586077
0.03062271062271062
3.27018315018315
0.307032967032967
2.901098901098901
0.2562637362637362
3.1573626373626373
0.047545787545787546
3.3
0.14505494505494507
3.046959706959707
0.2063003663003663
3.216190476190476
0.05318681318681318
3.256483516483516
0.0032234432234432234
3.2452014652014647
0.31267399267399265
3.1452747252747253
0.23611721611721612
3.1992673992673994
0.03948717948717948
3.3
0.19663003663003661
3.1065934065934067
0.10395604395604395
3.183150183150183
0.2328937728937729
3.2057142857142855
0.2643223443223443
3.025201465201465
0.16923076923076924
3.3
0.0684981684981685
3.2452014652014647
0.014505494505494505
3.1227106227106227
0.2852747252747253
3.2452014652014647
0.0
3.1613919413919414
0.07816849816849816
3.0155311355311354
0.23934065934065932
3.0864468864468866
0.0
3.2355311355311356
0.06446886446886448
3.3
0.22644688644688643
3.0106959706959704
0.14505494505494507
3.2935531135531133
0.010476190476190476
3.2049084249084245
0.3723076923076923
3.1017582417582417
0.11282051282051282
3.192014652014652
0.14747252747252745
3.3
0.17406593406593404
3.0558241758241755
0.23128205128205126
3.111428571428571
0.498021978021978
3.258095238095238
0.09347985347985346
3.2411721611721607
0.45289377289377286
3.046959706959707
0.1934065934065934
3.198461538461538
0.07575091575091575
3.202490842490842
0.2063003663003663
3.1202930402930398
0.1402197802197802
3.19040293040293
0.09428571428571428
3.2613186813186807
0.23772893772893772
3.0235897435897434
0.2071062271062271
3.3
0.017728937728937726
3.25003663003663
0.0
3.003443223443223
0.655164835164835
3.187179487179487
0.07736263736263735
3.2532600732600727
0.14263736263736265
3.011501831501831
0.7115750915750915
3.142051282051282
0.0
3.2903296703296703
0.3602197802197802
3.1082051282051277
0.26673992673992675
3.1444688644688643
0.08461538461538462
3.2468131868131866
0.10959706959706958
3.20007326007326
0.31589743589743585
2.6649816849816848
0.2530402930402931
3.3
0.07252747252747253
3.017948717948718
0.1281318681318681
3.011501831501831
0.16278388278388276
3.1573626373626373
0.5713553113553113
3.2758241758241757
0.2868864468864469
3.0888644688644686
0.26029304029304023
3.3
0.0854212454212454
3.3
0.26029304029304023
3.0840293040293036
0.35780219780219774
3.0316483516483514
0.028205128205128206
3.2645421245421242
0.12249084249084248
2.996996336996337
0.3142857142857143
2.9961904761904763
0.07413919413919413
3.2290842490842486
0.018534798534798533
3.1936263736263735
0.49238095238095236
2.9776556776556777
0.19663003663003661
3.3
0.00805860805860806
3.258095238095238
0.2063003663003663
3.1162637362637358
0.19743589743589743
3.1331868131868132
0.08300366300366299
3.2016849816849815
0.19663003663003661
3.026007326007326
0.30864468864468864
3.1082051282051277
0.0
3.2129670329670326
0.005641025641025641
3.1001465201465197
0.2369230769230769
3.2903296703296703
0.12249084249084248
3.1928205128205125
0.08864468864468865
2.995384615384615
0.3199267399267399
3.0679120879120876
0.2465934065934066
3.2226373626373626
0.2578754578754579
3.103369963369963
0.25545787545787546
3.1098168498168497
0.021758241758241755
3.2258608058608056
0.2594871794871795
3.1146520146520147
0.14989010989010987
3.0123076923076924
0.22564102564102564
3.237948717948718
0.10315018315018315
3.19040293040293
0.31267399267399265
3.1356043956043953
0.24014652014652013
